{"file1902_frac_1": {"unnorm2canon": [[-0.7288983439707468, 0.03063958764784485, 0.6839359764082259, 0.017200455841836364], [-0.68386452003458, 0.01439388990509319, -0.7294670206193516, -0.030047262991683293], [-0.032195067861031226, -0.9994268515515129, 0.010461644385731252, -0.0888248311043673], [0.0, 0.0, 0.0, 1.0]], "T_pred": [[-0.07882355898618698, 0.9913222789764404, 0.10519955307245255, 0.0], [-0.1334267407655716, 0.09408732503652573, -0.9865823984146118, -0.10128998011350632], [-0.9879190921783447, -0.09180234372615814, 0.12485260516405106, 0.030587606132030487], [0.0, 0.0, 0.0, 1.0]]}, "file1902_frac_2": {"unnorm2canon": [[-0.14494574575481844, 0.9554919080223353, 0.25695514100989836, -0.024424363455134015], [0.7901546645730807, -0.044525804084839034, 0.6112880326196485, -0.0010920655503540053], [0.5955219029061664, 0.29163790301405573, -0.7485325622072715, 0.07427940477155792], [0.0, 0.0, 0.0, 1.0]], "T_pred": [[0.22876735031604767, 0.9734805822372437, 0.0010678470134735107, 0.0], [0.9285029768943787, -0.21852697432041168, 0.3002137243747711, -0.0008132243528962135], [0.2924855351448059, -0.06768759340047836, -0.953871488571167, 0.07658390700817108], [0.0, 0.0, 0.0, 1.0]]}, "file1902_frac_4": {"unnorm2canon": [[-0.6053134413761679, -0.024794553449972553, -0.7956009475915409, -0.0016612163116132403], [-0.058841896988664155, 0.998173839916757, 0.013660763690680951, -0.08235065598939444], [0.7938093403633623, 0.0550837128836976, -0.6056670006916591, 0.09807825944232995], [0.0, 0.0, 0.0, 1.0]], "T_pred": [[-0.9989020228385925, -0.04514240846037865, 0.012524595484137535, 0.0], [-0.045724838972091675, 0.9976539015769958, -0.050950322300195694, 0.07198695093393326], [-0.010195191018283367, -0.05146706849336624, -0.9986225962638855, 0.09796904027462006], [0.0, 0.0, 0.0, 1.0]]}, "file1902_frac_5": {"unnorm2canon": [[0.9271127967763045, 0.23200576785839053, 0.29433855631577854, 0.0102540766490786], [0.31856249975192197, -0.9015508722889318, -0.2927865407201499, -0.014767804459725916], [0.1974330159963749, 0.3652113748988442, -0.9097476880097423, 0.07255476289615426], [0.0, 0.0, 0.0, 1.0]], "T_pred": [[-0.42200544476509094, -0.86013263463974, 0.28650176525115967, 0.0], [-0.4812838137149811, 0.4803615212440491, 0.7332248687744141, -0.033626995980739594], [-0.7682949900627136, 0.17153622210025787, -0.6166830658912659, 0.06477819383144379], [0.0, 0.0, 0.0, 1.0]]}, "file1902_frac_6": {"unnorm2canon": [[0.1853246321082134, -0.4776399646977909, 0.8587868448325513, -0.020117892433937842], [0.27455031237678684, -0.8139566669388869, -0.5119537775224897, -0.02320681550723737], [0.9435448620536088, 0.3306578419896179, -0.01971001834106137, 0.07399214493245475], [0.0, 0.0, 0.0, 1.0]], "T_pred": [[-0.9295737743377686, 0.36828115582466125, -0.016175754368305206, 0.0], [0.348453164100647, 0.8921529054641724, 0.2874780595302582, -0.048376649618148804], [0.12030398100614548, 0.26159554719924927, -0.9576506614685059, 0.06226964294910431], [0.0, 0.0, 0.0, 1.0]]}, "file1902_frac_7": {"unnorm2canon": [[0.4019422869792786, 0.6381684471806102, 0.6566455900719633, -0.06281457588401454], [0.753077877041258, -0.6383304346862285, 0.15939876807655187, 0.06144772858785971], [0.5208801292513465, 0.4304361615575291, -0.7371625341637493, 0.06544962837789474], [0.0, 0.0, 0.0, 1.0]], "T_pred": [[0.5080044269561768, 0.8610299229621887, -0.023642048239707947, 0.0], [0.8013494610786438, -0.46237173676490784, 0.3795410990715027, 0.05416155606508255], [0.31586483120918274, -0.21175408363342285, -0.9248727560043335, 0.09636727720499039], [0.0, 0.0, 0.0, 1.0]]}, "file1902_frac_8": {"unnorm2canon": [[-0.7051892107231186, -0.5322672196518677, 0.46840130653508594, -0.008659454876386042], [0.6422899858751215, -0.7593617822051013, 0.10408293698214081, -0.009142050683075097], [0.30028611543699607, 0.3742476327384887, 0.8773636408385044, 0.07371607420164436], [0.0, 0.0, 0.0, 1.0]], "T_pred": [[0.9497613310813904, -0.29405513405799866, 0.1071677953004837, 0.0], [-0.31293317675590515, -0.8866308331489563, 0.34052711725234985, -0.02160690352320671], [-0.005115471314638853, -0.3569558560848236, -0.9341073036193848, 0.06899885833263397], [0.0, 0.0, 0.0, 1.0]]}, "file1902_frac_9": {"unnorm2canon": [[0.04253877432509578, 0.5863601010060105, -0.8089328060025376, 0.013176956170036178], [-0.9438881753509559, -0.24183116239924005, -0.22492843600860146, -0.0084155558690129], [-0.3275142212356002, 0.773110290217931, 0.5431711645950887, 0.09070585990113782], [0.0, 0.0, 0.0, 1.0]], "T_pred": [[-0.025086285546422005, 0.999561071395874, -0.01576247066259384, 0.0], [0.8229484558105469, 0.029600465670228004, 0.5673444271087646, -0.07369542866945267], [0.56756192445755, 0.0012608658289536834, -0.8233298063278198, 0.045894771814346313], [0.0, 0.0, 0.0, 1.0]]}, "file1902_frac_10": {"unnorm2canon": [[0.002420090157310788, -0.09740901169422991, -0.995241492103491, 0.0070804679439357195], [0.3565494699201438, -0.9297489564662547, 0.09186595370197884, 0.07750771170632861], [-0.9342733104735969, -0.3550751503423794, 0.03248105518670867, -0.07063375927536011], [0.0, 0.0, 0.0, 1.0]], "T_pred": [[-0.9763392210006714, 0.21431270241737366, 0.028839953243732452, 0.0], [-0.19929632544517517, -0.84002286195755, -0.5046212077140808, 0.015274371951818466], [-0.08392051607370377, -0.49842917919158936, 0.8628590106964111, 0.08139336854219437], [0.0, 0.0, 0.0, 1.0]]}, "file1902_frac_11": {"unnorm2canon": [[-0.4881625250650969, -0.7472959727091235, -0.4508282137297908, 0.048335940611162566], [-0.20281563288414406, 0.5995524720299292, -0.7742109869671213, -0.025525974657938183], [0.8488599225902191, -0.2865057808413748, -0.44424235431192394, -0.072996080399628], [0.0, 0.0, 0.0, 1.0]], "T_pred": [[0.6131303310394287, 0.7878164649009705, 0.05844911187887192, 0.0], [-0.7340481877326965, 0.5955018997192383, -0.32642093300819397, 0.02533942274749279], [-0.29196637868881226, 0.15723413228988647, 0.9434155225753784, 0.08470931649208069], [0.0, 0.0, 0.0, 1.0]]}, "file1902_frac_12": {"unnorm2canon": [[-0.06347881338812163, 0.9105298857809446, -0.40854102284908456, -0.014091379789966703], [-0.591443786126208, 0.2954084214228309, 0.7502853539855137, -8.67496921017648e-05], [0.8038436963138619, 0.28925627331522363, 0.5197750669705659, 0.07447279225412304], [0.0, 0.0, 0.0, 1.0]], "T_pred": [[-0.4397692382335663, 0.8970162272453308, -0.04432684928178787, 0.0], [0.8535721302032471, 0.432800829410553, 0.2899966835975647, -0.02099330723285675], [0.27931642532348633, 0.08969544619321823, -0.9560005068778992, 0.06997761130332947], [0.0, 0.0, 0.0, 1.0]]}, "file1902_frac_13": {"unnorm2canon": [[-0.8961597508321271, 0.0353858289119338, -0.44231837413871394, 0.003022486032649009], [-0.0820891882982253, -0.9928300684918631, 0.08688970170843452, 0.08210522272416897], [-0.4360723175724851, 0.11417660973534621, 0.8926391407709521, 0.08740622900701876], [0.0, 0.0, 0.0, 1.0]], "T_pred": [[0.9987369179725647, -0.010761545971035957, -0.04907827824354172, 0.0], [-0.0040155635215342045, -0.990764856338501, 0.13553184270858765, 0.06570056080818176], [-0.05008356273174286, -0.1351635903120041, -0.9895566701889038, 0.09506041556596756], [0.0, 0.0, 0.0, 1.0]]}, "file1902_frac_14": {"unnorm2canon": [[-0.05540805770128537, -0.9354478487714359, 0.3490949288813352, 0.009808507120558382], [0.898945227710385, -0.19890085912662098, -0.39030235179334594, 0.001837569911052173], [0.43454277662676166, 0.2921913251066594, 0.8519370897043509, 0.07706972874320525], [0.0, 0.0, 0.0, 1.0]], "T_pred": [[-0.07061518728733063, -0.997402012348175, 0.014239638112485409, 0.0], [-0.9455468058586121, 0.07147733122110367, 0.31754085421562195, -0.024247214198112488], [-0.31773367524147034, 0.008958961814641953, -0.948137640953064, 0.07210509479045868], [0.0, 0.0, 0.0, 1.0]]}, "file1902_frac_15": {"unnorm2canon": [[0.8272474972833477, -0.01144005478975378, -0.5617211972009286, 0.01023679425159321], [-0.025964853774711066, -0.9995028973089727, -0.017882523295862825, 0.08638368534793893], [-0.5612373870359094, 0.029378281389091522, -0.8271333096760933, 0.09799142754889757], [0.0, 0.0, 0.0, 1.0]], "T_pred": [[0.9960519671440125, -0.0719820037484169, -0.05195150896906853, 0.0], [-0.06898784637451172, -0.9959709048271179, 0.05729366093873978, 0.08423534035682678], [-0.0558663047850132, -0.053483445197343826, -0.9970046877861023, 0.1021890863776207], [0.0, 0.0, 0.0, 1.0]]}, "file1902_frac_16": {"unnorm2canon": [[0.524424981267941, -0.4774573734682017, -0.7049914152264308, -0.008474802751975314], [0.6863115665344873, -0.2530102433634554, 0.6818814049335432, -0.00689477491653113], [-0.5039393541519632, -0.8414394055866475, 0.1949996258019258, -0.09126104535350262], [0.0, 0.0, 0.0, 1.0]], "T_pred": [[-0.676257848739624, 0.7364185452461243, 0.01905381679534912, 0.0], [-0.39908644556999207, -0.34449782967567444, -0.8497359752655029, -0.08123768121004105], [-0.6191973686218262, -0.5822446942329407, 0.5268639922142029, 0.043646663427352905], [0.0, 0.0, 0.0, 1.0]]}, "file1902_frac_17": {"unnorm2canon": [[0.7036491572287731, 0.2603887492344143, -0.6611169055495212, 0.006920382170291303], [0.584907437557853, -0.7405492200119367, 0.3308627241458586, -0.026330253998347306], [-0.40343667783277215, -0.619503472154797, -0.6733901506314202, -0.08543337245513655], [0.0, 0.0, 0.0, 1.0]], "T_pred": [[-0.9783883690834045, 0.206570565700531, -0.009209487587213516, 0.0], [-0.20130784809589386, -0.96174556016922, -0.18579746782779694, -0.07639163732528687], [-0.04723747447133064, -0.17992813885211945, 0.9825448989868164, 0.04654243215918541], [0.0, 0.0, 0.0, 1.0]]}, "file1902_frac_19": {"unnorm2canon": [[-0.8458738832249906, 0.47307419023799047, 0.2463700148324579, 0.007451610473681245], [0.5311290985171613, 0.7894798610631653, 0.30760921586329787, 0.08740166425009496], [0.04898218437578586, -0.391052885817705, 0.9190638639982649, -0.021840574150209673], [0.0, 0.0, 0.0, 1.0]], "T_pred": [[-0.9151089191436768, 0.3206150233745575, -0.24450291693210602, 0.0], [0.4031878709793091, 0.7334760427474976, -0.547222375869751, -0.08229704946279526], [0.0038893958553671837, -0.5993487238883972, -0.8004785776138306, 0.04441498965024948], [0.0, 0.0, 0.0, 1.0]]}, "file1902_frac_20": {"unnorm2canon": [[0.3936404061113204, 0.09049417767189546, 0.914799450417414, -0.018187853338002977], [-0.7940900253415952, -0.4678590447294956, 0.38798059992451883, 0.12598457906689317], [0.46310718233417686, -0.8791579596820421, -0.11230770052943083, 0.025986395583305004], [0.0, 0.0, 0.0, 1.0]], "T_pred": [[-0.9990844130516052, -0.020681200549006462, -0.03745065629482269, 0.0], [0.042641833424568176, -0.41069483757019043, -0.9107751250267029, 0.032655019313097], [0.0034551327116787434, -0.9115382432937622, 0.41120070219039917, 0.08624649792909622], [0.0, 0.0, 0.0, 1.0]]}, "file1902_frac_21": {"unnorm2canon": [[0.1694704916970329, -0.8693109329585229, 0.46430405370053585, 0.07205871097285473], [0.9293982936057754, 0.2977026699837093, 0.2181557519921155, -0.011738237921365597], [-0.3278697367654428, 0.39455243266688195, 0.858387915566153, 0.06688070061175146], [0.0, 0.0, 0.0, 1.0]], "T_pred": [[-0.18858444690704346, -0.9724122881889343, 0.13729624450206757, 0.0], [-0.9003382921218872, 0.22702838480472565, 0.37128037214279175, 0.032698310911655426], [-0.3922077417373657, -0.05359535291790962, -0.9183140397071838, 0.08881336450576782], [0.0, 0.0, 0.0, 1.0]]}, "file1902_frac_22": {"unnorm2canon": [[-0.25047872281858025, 0.8435117654574485, -0.47512978326982586, -0.01741110257882609], [-0.26898556437611193, 0.410815166049376, 0.8711358479026615, 0.0016302380351979552], [0.9300038578266425, 0.3460040474888732, 0.12399203018291208, 0.07108685799262794], [0.0, 0.0, 0.0, 1.0]], "T_pred": [[0.14515580236911774, 0.989296555519104, 0.014902029186487198, 0.0], [0.9472905397415161, -0.1433085799217224, 0.28653666377067566, -0.021874532103538513], [0.2856053411960602, -0.027475908398628235, -0.9579533338546753, 0.06633459776639938], [0.0, 0.0, 0.0, 1.0]]}, "file1902_frac_23": {"unnorm2canon": [[-0.30550405881313647, 0.854675527304629, -0.41975827934092247, -0.008741714963291226], [-0.9258360854425528, -0.3696257450597939, -0.07876770582796706, -0.008723021984798705], [-0.22247429725949897, 0.3645635083432586, 0.9042116098808652, 0.07513535423304639], [0.0, 0.0, 0.0, 1.0]], "T_pred": [[0.18099041283130646, 0.9817193150520325, 0.0589040070772171, 0.0], [0.9404407739639282, -0.19028343260288239, 0.28171506524086, -0.04300062358379364], [0.28777357935905457, 0.004407999571412802, -0.9576883912086487, 0.06663326174020767], [0.0, 0.0, 0.0, 1.0]]}, "file1902_frac_24": {"unnorm2canon": [[-0.3376007974307932, -0.9152878513950083, 0.21971310990198473, 0.07673369937459543], [-0.23683571018506916, 0.3085045533248879, 0.9212674893639444, -0.023929645820058822], [-0.9110074357299326, 0.25898472863572575, -0.32092423152241545, 0.07539444047035555], [0.0, 0.0, 0.0, 1.0]], "T_pred": [[-0.2767445743083954, -0.9606209397315979, -0.024898283183574677, 0.0], [-0.9223611354827881, 0.25827571749687195, 0.2873040735721588, 0.057099491357803345], [-0.26955968141555786, 0.10247504711151123, -0.9575158357620239, 0.09535619616508484], [0.0, 0.0, 0.0, 1.0]]}, "file1902_frac_25": {"unnorm2canon": [[-0.11974951684971712, -0.8134345867327722, -0.5691961228971457, -0.039588488220371164], [-0.7007724745484681, 0.475372163113924, -0.5319203375051615, 0.01845398968740581], [0.7032623920909433, 0.3351797721272452, -0.626958155084733, 0.07734803600965603], [0.0, 0.0, 0.0, 1.0]], "T_pred": [[0.16168738901615143, 0.976196825504303, 0.14455807209014893, 0.0], [0.9205005168914795, -0.20199334621429443, 0.33448082208633423, -0.03786228597164154], [0.35571885108947754, 0.07898444682359695, -0.9312494397163391, 0.06646333634853363], [0.0, 0.0, 0.0, 1.0]]}, "file1902_frac_26": {"unnorm2canon": [[-0.34823481730794, -0.8345353080280435, 0.4269465208536599, -0.029272831892974062], [0.3400180070599077, 0.31198634939777503, 0.8871596658237221, 0.013555783291993565], [-0.8735675514174702, 0.4541093892929192, 0.17511252287171605, 0.07894002525250453], [0.0, 0.0, 0.0, 1.0]], "T_pred": [[-0.2060370296239853, -0.9779794216156006, 0.033242352306842804, 0.0], [-0.8766845464706421, 0.19957490265369415, 0.43771451711654663, -0.06513559073209763], [-0.4347101151943207, 0.061042338609695435, -0.8984992504119873, 0.05070282518863678], [0.0, 0.0, 0.0, 1.0]]}, "file1902_frac_27": {"unnorm2canon": [[-0.07186127628719631, -0.6934346901289514, -0.7169269750094076, 0.04403261931672188], [-0.6010230375026157, 0.6037373042316432, -0.5237103931279552, -0.04474109223691229], [0.7959945133991216, 0.39325513093267206, -0.46015555699526506, 0.0708344893146971], [0.0, 0.0, 0.0, 1.0]], "T_pred": [[-0.5119384527206421, -0.8577864766120911, -0.04605872929096222, 0.0], [-0.8228436708450317, 0.474275678396225, 0.31303510069847107, 0.010683134198188782], [-0.24667273461818695, 0.1981538087129593, -0.9486241340637207, 0.08122830092906952], [0.0, 0.0, 0.0, 1.0]]}, "file1902_frac_28": {"unnorm2canon": [[-0.5344817412326827, -0.003161242802543017, 0.845174109182731, 0.0024470449498142756], [0.26792231958680107, 0.9477850776647518, 0.1729771002856996, -0.01899783261923234], [-0.8015902313252751, 0.31889410954102665, -0.5057268511201756, 0.0702984771311121], [0.0, 0.0, 0.0, 1.0]], "T_pred": [[-0.9847034215927124, 0.17306335270404816, -0.02020680531859398, 0.0], [0.1560712307691574, 0.9276381134986877, 0.33930703997612, 0.005154878832399845], [0.07746621966362, 0.3309630751609802, -0.9404586553573608, 0.07718929648399353], [0.0, 0.0, 0.0, 1.0]]}, "file1902_frac_29": {"unnorm2canon": [[-0.5005656984944149, 0.6432684009692802, 0.5793442377423149, 0.026301538345644485], [-0.004670499501874797, -0.6712186430079831, 0.7412447097368893, -0.016480452400681477], [0.8656859522512776, 0.3683358489109463, 0.3389934136260632, 0.07378314007993736], [0.0, 0.0, 0.0, 1.0]], "T_pred": [[0.5549494028091431, -0.8240662813186646, 0.11378037929534912, 0.0], [-0.7393411993980408, -0.42588406801223755, 0.5215336084365845, -0.05847122520208359], [-0.3813210129737854, -0.3735473155975342, -0.8456102609634399, 0.05565007030963898], [0.0, 0.0, 0.0, 1.0]]}, "file1902_frac_30": {"unnorm2canon": [[-0.09466626885661661, -0.9083439614803832, -0.40736905280456753, -0.018910695807188502], [-0.8901224977808067, -0.10600594722156681, 0.44322080061535507, -0.0007659049797747792], [-0.44578048015275945, 0.4045664182749009, -0.7985022083369542, 0.06760731102232695], [0.0, 0.0, 0.0, 1.0]], "T_pred": [[0.03151216730475426, -0.9994655251502991, -0.00869671069085598, 0.0], [-0.9411394000053406, -0.03260071203112602, 0.33644285798072815, -0.04384898021817207], [-0.33654657006263733, -0.0024172267876565456, -0.9416637420654297, 0.06337130069732666], [0.0, 0.0, 0.0, 1.0]]}, "file1902_frac_31": {"unnorm2canon": [[0.43655801938234795, -0.6402672156053189, 0.632040337584535, 0.009930823657267916], [0.6390410925478679, 0.7151804846546239, 0.2830960197607926, -0.0052640250528374205], [-0.6332800152761713, 0.28031191018254703, 0.7213748368647354, 0.06989042495160196], [0.0, 0.0, 0.0, 1.0]], "T_pred": [[-0.5898465514183044, -0.8031808733940125, 0.08355559408664703, 0.0], [-0.7485476136207581, 0.5826534032821655, 0.31653040647506714, -0.014120583422482014], [-0.30291512608528137, 0.12415900826454163, -0.9448952078819275, 0.0702393651008606], [0.0, 0.0, 0.0, 1.0]]}, "file1902_frac_32": {"unnorm2canon": [[0.4485021820964403, 0.12884870594040035, -0.8844454780438508, 0.008897497820162243], [-0.18913937580575918, -0.9534610147124876, -0.2348156509759095, -0.03124938788223667], [-0.8735399757163601, 0.27259879750453175, -0.4032589818274896, 0.07311557050243998], [0.0, 0.0, 0.0, 1.0]], "T_pred": [[0.8268523216247559, 0.08171769976615906, -0.5564507246017456, 0.0], [0.17088216543197632, -0.9791170358657837, 0.1101321429014206, -0.025719381868839264], [-0.5358306765556335, -0.18615053594112396, -0.8235493302345276, 0.06739771366119385], [0.0, 0.0, 0.0, 1.0]]}, "file1902_frac_33": {"unnorm2canon": [[-0.9587677723087911, -0.23552529804211844, -0.1590351934768209, -0.0048441524115257545], [0.23754497617267625, -0.35697835351248575, -0.9034040288921884, 0.0012882885655906143], [0.15600238163938795, -0.9039326795208177, 0.3982071920711039, -0.09085137181244379], [0.0, 0.0, 0.0, 1.0]], "T_pred": [[-0.8990767598152161, 0.43728768825531006, 0.020985499024391174, 0.0], [-0.20691432058811188, -0.3822014629840851, -0.9006156325340271, -0.07355861365795135], [-0.38580745458602905, -0.8140648007392883, 0.43410956859588623, 0.04304170608520508], [0.0, 0.0, 0.0, 1.0]]}, "file1902_frac_34": {"unnorm2canon": [[0.5555399495345477, -0.20119823561499928, 0.8067804127868765, -0.039327769942567724], [-0.006209789267928209, -0.9712598087005083, -0.237940796250453, -0.06701034558560252], [0.8314666577731181, 0.12717568159228854, -0.5408230237546636, 0.054244248539660894], [0.0, 0.0, 0.0, 1.0]], "T_pred": [[0.5387622117996216, 0.32300058007240295, -0.7780783176422119, 0.0], [-0.8020542860031128, -0.08593280613422394, -0.5910367369651794, -0.07791004329919815], [-0.2577677071094513, 0.9424893260002136, 0.2127666473388672, 0.04487857222557068], [0.0, 0.0, 0.0, 1.0]]}, "file1902_frac_35": {"unnorm2canon": [[0.2728661683282846, 0.9129805692109173, -0.30333238275058827, -0.06914746562966188], [0.516687029321753, -0.40503824336585287, -0.7543066585558996, 0.04299478314617543], [-0.8115285379532271, 0.04909685992416949, -0.5822464516277315, 0.09751358998825337], [0.0, 0.0, 0.0, 1.0]], "T_pred": [[0.31268391013145447, 0.9498552083969116, -0.0019328054040670395, 0.0], [0.9462476372718811, -0.3113178312778473, 0.08772972226142883, 0.07929952442646027], [0.08272882550954819, -0.02926058880984783, -0.9961423277854919, 0.10478412359952927], [0.0, 0.0, 0.0, 1.0]]}, "file1902_frac_36": {"unnorm2canon": [[-0.8944981410667501, -0.11846388944770161, 0.4310909214133956, 0.011810561662402234], [-0.082680572929475, -0.9037870454502738, -0.41992011065953855, 0.07563732125902033], [0.4393597597506873, -0.4112606027486564, 0.7986411698244903, -0.0632856824032949], [0.0, 0.0, 0.0, 1.0]], "T_pred": [[-0.9869746565818787, 0.15976661443710327, -0.018858280032873154, 0.0], [-0.1389235258102417, -0.9055334329605103, -0.40088579058647156, 0.0388420894742012], [-0.08112497627735138, -0.39304426312446594, 0.9159339070320129, 0.08860906213521957], [0.0, 0.0, 0.0, 1.0]]}, "file1902_frac_37": {"unnorm2canon": [[0.8337324558955115, -0.04310851829428933, -0.5504832855200141, 0.011123264685146517], [-0.07505455747406535, 0.9788474209310455, -0.19032745450673286, -0.08111893823157781], [0.5470438788514234, 0.19999845546181413, 0.8128613734358878, 0.07983568025598638], [0.0, 0.0, 0.0, 1.0]], "T_pred": [[-0.9998096227645874, 0.0024651356507092714, 0.019357694312930107, 0.0], [0.007735679391771555, 0.9607842564582825, 0.277189165353775, 0.05032201111316681], [-0.017915258184075356, 0.2772861123085022, -0.9606204032897949, 0.08823391050100327], [0.0, 0.0, 0.0, 1.0]]}, "file1902_frac_38": {"unnorm2canon": [[-0.43832773443244405, 0.6023493698964181, -0.6671162071278955, 0.017493042395048675], [-0.07860930137126783, 0.7136822572970508, 0.6960446920689124, 0.0005470660752697344], [0.8953710822699394, 0.35753723191406833, -0.26547646379666795, 0.07110067197530077], [0.0, 0.0, 0.0, 1.0]], "T_pred": [[-0.8440502285957336, -0.06554307043552399, 0.5322437286376953, 0.0], [0.3027568757534027, 0.7609580755233765, 0.5738301873207092, -0.04351559653878212], [-0.4426257610321045, 0.6454818844795227, -0.6224431991577148, 0.05967343971133232], [0.0, 0.0, 0.0, 1.0]]}, "file1902_frac_39": {"unnorm2canon": [[0.17784049139879393, 0.9385604441651045, 0.2957651978641784, 0.02363062062375084], [0.9664629190259082, -0.11000107761893924, -0.2320542804401424, 0.0027062805331468766], [-0.18526247803307552, 0.3271147437387578, -0.9266465122482095, 0.07865398866739219], [0.0, 0.0, 0.0, 1.0]], "T_pred": [[0.531402587890625, 0.8466980457305908, -0.026716887950897217, 0.0], [0.8168440461158752, -0.5037994980812073, 0.2809836268424988, -0.03582135960459709], [0.2244482934474945, -0.1711389422416687, -0.9593405723571777, 0.06916077435016632], [0.0, 0.0, 0.0, 1.0]]}, "file1902_frac_40": {"unnorm2canon": [[-0.9635995098668251, 0.01120000924046441, -0.26711522677943206, 0.01449709213140476], [-0.26709315618844803, 0.003449786746675739, 0.9636645396032246, 0.0034766492214882063], [0.011714542317442879, 0.999931327024219, -0.00033276700086608073, 0.08897889963827042], [0.0, 0.0, 0.0, 1.0]], "T_pred": [[0.7342662811279297, -0.6787782907485962, 0.010633503086864948, 0.0], [-0.01972968317568302, -0.0056801773607730865, 0.9997892379760742, -0.09479392319917679], [-0.6785747408866882, -0.7343213558197021, -0.01756284385919571, 0.007817894220352173], [0.0, 0.0, 0.0, 1.0]]}, "file1902_frac_41": {"unnorm2canon": [[0.8169349436054602, -0.43205511082371045, 0.382028374767445, -0.013194527515646934], [0.5088712589512799, 0.8517319169104508, -0.12491110250649885, 0.02784202531300891], [-0.27141727971830276, 0.29644750450486357, 0.9156699936894058, 0.06855965779406475], [0.0, 0.0, 0.0, 1.0]], "T_pred": [[0.6108033657073975, 0.7912886142730713, -0.02795766294002533, 0.0], [0.7640628218650818, -0.5797910690307617, 0.28293174505233765, 0.016365520656108856], [0.20767106115818024, -0.1941770762205124, -0.9587326049804688, 0.08164220303297043], [0.0, 0.0, 0.0, 1.0]]}, "file1902_frac_42": {"unnorm2canon": [[0.9927181478157271, -0.05623840723182546, -0.10652661897075184, 0.006229682160429205], [0.07933670796767278, 0.9706849160568041, 0.2268842888096201, -0.02154603484033861], [0.090644171164861, -0.23368362221564062, 0.9680783020716938, -0.07462841113217542], [0.0, 0.0, 0.0, 1.0]], "T_pred": [[0.9844918251037598, -0.16898877918720245, 0.04710167646408081, 0.0], [0.17512626945972443, 0.962498664855957, -0.20718863606452942, 0.02238539606332779], [-0.010322746820747852, 0.21222427487373352, 0.9771664142608643, 0.08395051956176758], [0.0, 0.0, 0.0, 1.0]]}, "file1902_frac_43": {"unnorm2canon": [[-0.3225456951598795, 0.9236770959996492, 0.20684510354244762, -0.08159284020059712], [0.936619978033125, 0.34302320799974606, -0.071260757242623, -0.031104488267816848], [-0.13677460028477206, 0.1707504058537454, -0.975775080445141, 0.08531508033209706], [0.0, 0.0, 0.0, 1.0]], "T_pred": [[-0.8013563752174377, 0.5965431332588196, -0.04432040452957153, 0.0], [0.5544350147247314, 0.7685171961784363, 0.31934797763824463, 0.050099778920412064], [0.22456581890583038, 0.2313387393951416, -0.9466005563735962, 0.09353014826774597], [0.0, 0.0, 0.0, 1.0]]}, "file1902_frac_44": {"unnorm2canon": [[0.7253910593395979, 0.6580158340337554, 0.20204695788612342, -0.0490970788220452], [0.6014942956171382, -0.748670925688064, 0.27874084266468735, 0.057513424719925196], [0.3346825710583375, -0.08066602252645023, -0.9388719664786797, 0.11216708954698232], [0.0, 0.0, 0.0, 1.0]], "T_pred": [[0.7164780497550964, 0.6961464285850525, 0.04515989124774933, 0.0], [0.6887808442115784, -0.7161930799484253, 0.11246529221534729, 0.0852917805314064], [0.11063551157712936, -0.04947363957762718, -0.9926289319992065, 0.10441015660762787], [0.0, 0.0, 0.0, 1.0]]}, "file1902_frac_45": {"unnorm2canon": [[0.2962017247239897, -0.923754416339584, -0.24278038751853181, 0.08227715016930359], [-0.9544797882803666, -0.27693496236346615, -0.1107942254136636, 0.014797595907860037], [0.03511227755076304, 0.2645464135342992, -0.963733533219291, 0.0768591004867292], [0.0, 0.0, 0.0, 1.0]], "T_pred": [[0.028753535822033882, -0.9995123744010925, 0.012170946225523949, 0.0], [-0.952847421169281, -0.023727335035800934, 0.3025207817554474, 0.038758356124162674], [-0.3020845353603363, -0.02029559761285782, -0.953065037727356, 0.08938256651163101], [0.0, 0.0, 0.0, 1.0]]}, "file1902_frac_46": {"unnorm2canon": [[-0.1507623879372584, -0.04838843133362722, -0.987385062727063, 0.002586590586911582], [-0.2583639042737897, 0.9660154293782771, -0.007891968797931165, -0.02107468136984994], [0.9542110853222467, 0.25391484776628237, -0.15814061695834533, 0.07371128420398353], [0.0, 0.0, 0.0, 1.0]], "T_pred": [[-0.9897035956382751, 0.14161716401576996, 0.02077150158584118, 0.0], [0.14236803352832794, 0.9590197205543518, 0.24497433006763458, 0.005992790684103966], [0.014772292226552963, 0.24540916085243225, -0.969307005405426, 0.07817241549491882], [0.0, 0.0, 0.0, 1.0]]}, "file1902_frac_47": {"unnorm2canon": [[0.08856672997714223, -0.0613963920969564, -0.9941762506611355, 0.008657051867604515], [0.3602476142807636, -0.9285594634388286, 0.08943701282585838, 0.11665759181716955], [-0.9286428757849674, -0.3660707662401785, -0.0601215714877318, -0.06762754570039783], [0.0, 0.0, 0.0, 1.0]], "T_pred": [[-0.999981701374054, 0.00571401696652174, 0.001977465581148863, 0.0], [-0.006046481430530548, -0.9460723400115967, -0.32389897108078003, 0.08761542290449142], [2.0061883333255537e-05, -0.32390502095222473, 0.9460896253585815, 0.1033373475074768], [0.0, 0.0, 0.0, 1.0]]}, "file1902_frac_48": {"unnorm2canon": [[-0.6137823200616772, -0.6940271509004611, 0.376294535427628, 0.04544081600758323], [0.7675773332271828, -0.6360910845224909, 0.07882366209995442, 0.03750774203471366], [0.1846518375092747, 0.3372157262109679, 0.9231409713041979, 0.06911419539974778], [0.0, 0.0, 0.0, 1.0]], "T_pred": [[0.7535814642906189, -0.6567094922065735, -0.029113084077835083, 0.0], [-0.6112619638442993, -0.7163457870483398, 0.33646315336227417, 0.031681936234235764], [-0.24181362986564636, -0.23575668036937714, -0.9412464499473572, 0.0861610621213913], [0.0, 0.0, 0.0, 1.0]]}, "file1902_frac_49": {"unnorm2canon": [[-0.1907002721677182, 0.7472764694301743, -0.636562082149992, 0.03852341764414879], [-0.07448253251861822, 0.6355784025393809, 0.7684350633430928, 0.050837989647371254], [0.9788185524114115, 0.19395353170660123, -0.06554593041345226, 0.06886692601787242], [0.0, 0.0, 0.0, 1.0]], "T_pred": [[0.2737962007522583, 0.9431710243225098, -0.18831922113895416, 0.0], [0.9171918630599976, -0.19711585342884064, 0.3462722599506378, -0.00035573169589042664], [0.2894732356071472, -0.2675328850746155, -0.9190383553504944, 0.07899629324674606], [0.0, 0.0, 0.0, 1.0]]}}