{"file1900_frac_1": {"unnorm2canon": [[0.47520012104135273, -0.5333648211713432, -0.6997905490210224, -0.014214664466177217], [-0.867101178469738, -0.14883057014313555, -0.4753788044152377, 0.00037553557992117307], [0.14940010461400346, 0.8326892751367283, -0.5332055699386444, 0.09220392702338248], [0.0, 0.0, 0.0, 1.0]], "T_pred": [[0.3498302698135376, -0.9319887757301331, 0.09495115280151367, 0.0], [-0.5938390493392944, -0.14222240447998047, 0.7919141054153442, -0.07720983773469925], [-0.7245509028434753, -0.3334212005138397, -0.6032050251960754, 0.043726976960897446], [0.0, 0.0, 0.0, 1.0]]}, "file1900_frac_2": {"unnorm2canon": [[-0.068566147934792, -0.9480836370902185, -0.3105416243262206, -0.03867522719588235], [-0.997646457084597, 0.0653094260343805, 0.020886012965913435, 0.009004363754503461], [0.0004796081074929792, 0.31124282474113846, -0.950330297329944, 0.0733491486804664], [0.0, 0.0, 0.0, 1.0]], "T_pred": [[0.6455028653144836, -0.7286088466644287, 0.22903133928775787, 0.0], [-0.7315768003463745, -0.5037195682525635, 0.4594149589538574, -0.03492066264152527], [-0.2193661779165268, -0.4641076326370239, -0.8581857681274414, 0.06268494576215744], [0.0, 0.0, 0.0, 1.0]]}, "file1900_frac_3": {"unnorm2canon": [[0.5716478331329413, -0.8092435460621302, 0.13543868735040643, 0.055797415093527425], [0.7880479792276127, 0.49554319014679316, -0.3652633695491736, -0.03251136274080408], [0.22847130522166095, 0.3155341976013501, 0.9209989320484488, 0.07304905466876598], [0.0, 0.0, 0.0, 1.0]], "T_pred": [[-0.5002363920211792, -0.8658086657524109, 0.01178952306509018, 0.0], [-0.8176819682121277, 0.4768224358558655, 0.32254698872566223, 0.03798715025186539], [-0.2848854660987854, 0.1517096608877182, -0.9464800357818604, 0.08882244676351547], [0.0, 0.0, 0.0, 1.0]]}, "file1900_frac_4": {"unnorm2canon": [[0.9746974717717674, 0.08844350383068485, -0.2052865927231409, 0.001650557475874605], [-0.15561009393332123, 0.9277850227426847, -0.3391171629988937, -0.010494998926719597], [0.1604691159936639, 0.3624813073863352, 0.9180724179538915, 0.07473166248633646], [0.0, 0.0, 0.0, 1.0]], "T_pred": [[-0.9950790405273438, 0.09859252721071243, 0.009861864149570465, 0.0], [0.09703133255243301, 0.9494642019271851, 0.2985007166862488, -0.016050811856985092], [0.020066451281309128, 0.2979887127876282, -0.9543584585189819, 0.0724082961678505], [0.0, 0.0, 0.0, 1.0]]}, "file1900_frac_5": {"unnorm2canon": [[0.4086915446754075, 0.033161543082676985, -0.9120699169313747, -0.00665431249493299], [-0.07897978971949401, 0.9968758509767136, 0.0008547252871454285, -0.08338604551965109], [0.9092488186006584, 0.07168577125083987, 0.4100338230847285, 0.09803697763653084], [0.0, 0.0, 0.0, 1.0]], "T_pred": [[-0.9994121193885803, 0.034202612936496735, -0.002359024714678526, 0.0], [0.03399240970611572, 0.9975203275680542, 0.06162562593817711, 0.07512365281581879], [0.004460932686924934, 0.061509210616350174, -0.9980965256690979, 0.10118342936038971], [0.0, 0.0, 0.0, 1.0]]}, "file1900_frac_6": {"unnorm2canon": [[-0.12309606637724638, -0.9896509588475019, 0.07374508861387541, 0.08517324964892638], [0.8922624576949676, -0.07784095826518175, 0.4447566658348072, 0.010382322677078488], [-0.43441347243218, 0.12054777006887393, 0.8926103125669328, 0.09085754252284226], [0.0, 0.0, 0.0, 1.0]], "T_pred": [[0.083016537129879, -0.9964667558670044, 0.012735688127577305, 0.0], [-0.983279287815094, -0.07982596755027771, 0.16367526352405548, 0.07747700810432434], [-0.1620803326368332, -0.026110492646694183, -0.9864320158958435, 0.10070919245481491], [0.0, 0.0, 0.0, 1.0]]}, "file1900_frac_7": {"unnorm2canon": [[-0.8139578507170503, -0.13977434880734613, 0.5638579153222565, 0.027586557404705624], [0.0567042116294868, 0.9468712145919094, 0.3165746915985536, -0.09391664942103155], [-0.5781498505055218, 0.2896515741243665, -0.7627874644799291, 0.07041559952983809], [0.0, 0.0, 0.0, 1.0]], "T_pred": [[-0.995036780834198, 0.047370992600917816, 0.0875086635351181, 0.0], [0.0668543204665184, 0.9696213006973267, 0.23529763519763947, 0.072459876537323], [-0.07370398938655853, 0.23998014628887177, -0.9679758548736572, 0.09890136122703552], [0.0, 0.0, 0.0, 1.0]]}, "file1900_frac_8": {"unnorm2canon": [[0.07640906928091509, 0.5476621254189654, 0.833203366839817, 0.001529751584299937], [0.36490379613641505, -0.7930330987325305, 0.48779475589628324, -0.004099303908554293], [0.9279045606617404, 0.2667671282153447, -0.2604389095486306, 0.07240135471918639], [0.0, 0.0, 0.0, 1.0]], "T_pred": [[0.9058942794799805, 0.41361406445503235, -0.09098895639181137, 0.0], [0.4225170612335205, -0.8680191040039062, 0.260810524225235, -0.020411424338817596], [0.028894741088151932, -0.27471113204956055, -0.9610925912857056, 0.07030829042196274], [0.0, 0.0, 0.0, 1.0]]}, "file1900_frac_9": {"unnorm2canon": [[-0.1068335915902431, 0.8333052695015271, 0.5423918431622248, -0.07272436404259514], [0.8200895065321344, 0.3822903815978968, -0.42580190865426315, -0.028110910904563094], [-0.5621741589434791, 0.39931991179844867, -0.7242263617526432, 0.0653780468651828], [0.0, 0.0, 0.0, 1.0]], "T_pred": [[-0.37881407141685486, 0.9253924489021301, -0.012189865112304688, 0.0], [0.8686718344688416, 0.36007678508758545, 0.34022632241249084, 0.04244096204638481], [0.31923219561576843, 0.11829350888729095, -0.9402644634246826, 0.09149610996246338], [0.0, 0.0, 0.0, 1.0]]}, "file1900_frac_10": {"unnorm2canon": [[-0.9125547444693027, -0.3854344758315501, -0.13668980644884993, -0.00925036534053467], [-0.10573571881538502, -0.10050448085552714, 0.9893021818911321, 0.014066283986708757], [-0.39504910595160164, 0.9172453947381911, 0.05096164948685519, 0.08772312309035812], [0.0, 0.0, 0.0, 1.0]], "T_pred": [[0.670648455619812, -0.7160768508911133, 0.19355782866477966, 0.0], [-0.32475370168685913, -0.04883979633450508, 0.9445368051528931, -0.07734157145023346], [-0.6669076681137085, -0.6963106393814087, -0.26530295610427856, 0.0353875495493412], [0.0, 0.0, 0.0, 1.0]]}, "file1900_frac_11": {"unnorm2canon": [[0.27185094406085875, -0.9454226538204789, 0.17964707026907578, -0.010204220192931008], [-0.4737154292009195, 0.031026354045032834, 0.8801312728744849, 0.0018859415380252447], [-0.8376698373167127, -0.3243661064256172, -0.43942675459293223, -0.07361176962115441], [0.0, 0.0, 0.0, 1.0]], "T_pred": [[-0.2108110636472702, 0.9756861329078674, 0.059960342943668365, 0.0], [-0.8912891149520874, -0.16666071116924286, -0.4216964542865753, -0.037901267409324646], [-0.40145033597946167, -0.1423402726650238, 0.9047523140907288, 0.06342501938343048], [0.0, 0.0, 0.0, 1.0]]}, "file1900_frac_12": {"unnorm2canon": [[0.969372599346016, 0.009610689804740566, -0.24540659787101352, 0.003970587711669713], [-0.006151408973699225, 0.99987068023225, 0.014858767766335882, -0.0817340244690754], [0.2455176649546557, -0.012894085984382433, 0.9693063595901148, 0.1043440349888604], [0.0, 0.0, 0.0, 1.0]], "T_pred": [[-0.9999341368675232, 0.004448415711522102, 0.010577470064163208, 0.0], [0.004337687510997057, 0.9999358057975769, -0.010468274354934692, 0.08284974843263626], [-0.010623358190059662, -0.010421703569591045, -0.9998892545700073, 0.10256105661392212], [0.0, 0.0, 0.0, 1.0]]}, "file1900_frac_13": {"unnorm2canon": [[-0.33412621569063, -0.9396238481981212, 0.07393710763623876, 0.09723283403163871], [0.6915924743109418, -0.19111765788023397, 0.6965442486467345, 0.019415036182889582], [-0.6403589005118371, 0.2838680410749473, 0.7136942018760862, 0.07578832083570278], [0.0, 0.0, 0.0, 1.0]], "T_pred": [[0.1187870129942894, -0.9929180145263672, 0.0018576271831989288, 0.0], [-0.9456669092178345, -0.11256349086761475, 0.30503037571907043, 0.07632145285606384], [-0.30266106128692627, -0.03799034282565117, -0.952340841293335, 0.1020362377166748], [0.0, 0.0, 0.0, 1.0]]}, "file1900_frac_14": {"unnorm2canon": [[-0.21750518164217486, -0.9700391017739247, 0.10823879613355818, 0.08042177382414394], [0.05351291365300854, 0.09887561673579301, 0.9936598917574775, -0.013090995702656124], [-0.9745911265916438, 0.2219183485986549, 0.030403659715169434, 0.07902956253587731], [0.0, 0.0, 0.0, 1.0]], "T_pred": [[-0.0561935119330883, -0.9979541897773743, -0.030491413548588753, 0.0], [-0.9609860181808472, 0.04577730596065521, 0.2727826237678528, 0.059744734317064285], [-0.2708287239074707, 0.04463043436408043, -0.961592435836792, 0.09584586322307587], [0.0, 0.0, 0.0, 1.0]]}, "file1900_frac_15": {"unnorm2canon": [[-0.4144275203931319, 0.6079370584986988, -0.6772461614839539, 0.028793877521616173], [-0.634131423500579, 0.3408739509067904, 0.6940333474137418, 0.0002713855563780053], [0.6527841665282099, 0.7170895916809448, 0.2442444460636231, 0.09260761936649935], [0.0, 0.0, 0.0, 1.0]], "T_pred": [[-0.6106429100036621, 0.7775448560714722, 0.15013094246387482, 0.0], [0.5900089144706726, 0.32025545835494995, 0.741165280342102, -0.08406070619821548], [0.5282089114189148, 0.5411659479141235, -0.6543201208114624, 0.047707363963127136], [0.0, 0.0, 0.0, 1.0]]}, "file1900_frac_16": {"unnorm2canon": [[0.18937333489412858, 0.35464087866257615, 0.9156241517197501, -0.08543842869958772], [0.813059303316963, 0.46618314415529255, -0.3487231644087028, -0.10144004939776854], [-0.5505200353491326, 0.810495603496355, -0.200061409052992, -0.011387932627739475], [0.0, 0.0, 0.0, 1.0]], "T_pred": [[-0.6851609349250793, 0.711571991443634, 0.15562699735164642, 0.0], [0.6940683722496033, 0.5729847550392151, 0.4358411431312561, 0.05902807042002678], [0.22096043825149536, 0.4066371023654938, -0.886466383934021, 0.09395267069339752], [0.0, 0.0, 0.0, 1.0]]}, "file1900_frac_17": {"unnorm2canon": [[-0.011622855187622582, 0.7714342840122096, -0.6362028408360477, -0.050583973627894456], [-0.5612965237354863, 0.5215166602136974, 0.6426247626430293, -0.036408069184707154], [0.8275331544293233, 0.36456757750809465, 0.42694186928683037, 0.07098979291958854], [0.0, 0.0, 0.0, 1.0]], "T_pred": [[-0.49822455644607544, 0.866506814956665, 0.03062961995601654, 0.0], [0.8265307545661926, 0.4639732539653778, 0.31870928406715393, 0.02997082844376564], [0.2619524598121643, 0.18410512804985046, -0.9473574161529541, 0.08680712431669235], [0.0, 0.0, 0.0, 1.0]]}, "file1900_frac_18": {"unnorm2canon": [[-0.1555516794883267, -0.8462932732353696, 0.5095010997877485, 0.033763640579123955], [0.7842788003153851, -0.4193942481573777, -0.45718183252221384, 0.020266032195166414], [0.6005917401898085, 0.3284755094205231, 0.7289673527166397, 0.07309532563178461], [0.0, 0.0, 0.0, 1.0]], "T_pred": [[0.7275146842002869, -0.6860914826393127, 0.0009348094463348389, 0.0], [-0.6561599969863892, -0.6953767538070679, 0.2930959463119507, 0.00024046842008829117], [-0.20044058561325073, -0.21384499967098236, -0.9560825824737549, 0.07485619932413101], [0.0, 0.0, 0.0, 1.0]]}, "file1900_frac_19": {"unnorm2canon": [[-0.15830426645875773, -0.8655588935268275, -0.47512899412430065, -0.03153222044230237], [-0.390919944533714, -0.3869359801231308, 0.8351419904734229, -0.006674745315367733], [-0.9067090802383709, 0.3179439402202328, -0.2771106181482775, 0.07825291296224175], [0.0, 0.0, 0.0, 1.0]], "T_pred": [[0.4160817563533783, -0.9087518453598022, 0.03234274685382843, 0.0], [-0.8618917465209961, -0.3827894330024719, 0.33258822560310364, -0.04019196331501007], [-0.28985971212387085, -0.16625984013080597, -0.9425174593925476, 0.06526535004377365], [0.0, 0.0, 0.0, 1.0]]}, "file1900_frac_20": {"unnorm2canon": [[-0.9392839171962867, -0.010338198168797233, -0.3429851958248669, -0.003829828438459342], [0.01499491339980551, -0.9998278534163985, -0.01092776760779013, 0.07908742967849783], [-0.34281317866810773, -0.015407309673665007, 0.9392772430651601, -0.1015615726171966], [0.0, 0.0, 0.0, 1.0]], "T_pred": [[-0.9999021887779236, 0.012703298591077328, -0.005849900189787149, 0.0], [-0.012206575833261013, -0.9968560934066772, -0.07828787714242935, 0.0752110704779625], [-0.006826022639870644, -0.0782088190317154, 0.9969136714935303, 0.10075384378433228], [0.0, 0.0, 0.0, 1.0]]}, "file1900_frac_21": {"unnorm2canon": [[0.323204077303476, -0.9267205774098262, 0.19164575606990997, 0.04378041206721427], [0.07784081470582145, -0.1757941531096372, -0.9813445996684346, 0.022960006117337242], [0.9431224374281121, 0.33209243763998025, 0.015319297699083675, 0.07317044395697708], [0.0, 0.0, 0.0, 1.0]], "T_pred": [[0.597916841506958, -0.7714760303497314, 0.2175319343805313, 0.0], [-0.7744479775428772, -0.48602965474128723, 0.4049760103225708, 0.0002526724711060524], [-0.2067023366689682, -0.4106091260910034, -0.8880733847618103, 0.07856623083353043], [0.0, 0.0, 0.0, 1.0]]}, "file1900_frac_22": {"unnorm2canon": [[-0.31187020987843667, 0.917407810188176, 0.24718390318974331, -0.04320459900180107], [0.09979836289638867, -0.2270903551466008, 0.9687467457300654, 0.019764932161397516], [0.944868910989022, 0.3267917997825637, -0.020733080844201987, 0.07398214643496862], [0.0, 0.0, 0.0, 1.0]], "T_pred": [[0.462744802236557, 0.8020963668823242, -0.3775031864643097, 0.0], [0.8335232734680176, -0.24868150055408478, 0.4933522343635559, 0.005521804094314575], [0.3018379807472229, -0.5429539084434509, -0.783642053604126, 0.08039458096027374], [0.0, 0.0, 0.0, 1.0]]}, "file1900_frac_23": {"unnorm2canon": [[-0.137897951748669, -0.7332061122929319, -0.665877580190087, -0.02210151763363152], [-0.9448488858834173, -0.10425680764960586, 0.31046916256462426, 0.009598618962533242], [-0.29706015846691375, 0.6719667513761356, -0.6783921780921528, 0.0815809930961719], [0.0, 0.0, 0.0, 1.0]], "T_pred": [[0.31896957755088806, -0.9453877210617065, 0.06708584725856781, 0.0], [-0.7303476333618164, -0.20006994903087616, 0.6531189680099487, -0.0710548534989357], [-0.6040287613868713, -0.2573210895061493, -0.7542779445648193, 0.04342366382479668], [0.0, 0.0, 0.0, 1.0]]}, "file1900_frac_24": {"unnorm2canon": [[-0.04168547206844057, -0.5991294859063537, -0.7995662452455202, -0.010561653475300262], [0.729353265423031, -0.5651944190025182, 0.3854855158694911, -0.017428343054246922], [-0.6828661183828009, -0.567097106187286, 0.4605374431235893, -0.07631277691366213], [0.0, 0.0, 0.0, 1.0]], "T_pred": [[-0.537149965763092, 0.8396325707435608, -0.08054274320602417, 0.0], [-0.637468159198761, -0.4666288197040558, -0.6131002902984619, -0.06475720554590225], [-0.5523625016212463, -0.27798333764076233, 0.785888671875, 0.04498051479458809], [0.0, 0.0, 0.0, 1.0]]}, "file1900_frac_25": {"unnorm2canon": [[0.9958016149843091, -0.011314327902876592, 0.09083572853646327, -0.0006342304754055376], [0.01367277787843903, 0.99958427416104, -0.025383734851960233, -0.08222431778723338], [-0.09051076587749503, 0.026519140899620527, 0.9955423328147401, 0.09979748729498467], [0.0, 0.0, 0.0, 1.0]], "T_pred": [[-0.999981164932251, 0.005664322059601545, 0.002366298111155629, 0.0], [0.005694188177585602, 0.9999017715454102, 0.01281161792576313, 0.0805666521191597], [-0.0022934963926672935, 0.012824850156903267, -0.9999151825904846, 0.10265189409255981], [0.0, 0.0, 0.0, 1.0]]}, "file1900_frac_26": {"unnorm2canon": [[-0.6144031277531015, 0.21987565135384857, -0.757735768291907, 0.008952694071608099], [-0.3712599286469557, -0.9279858274425441, 0.03175483344049274, 0.011419979897266813], [-0.6961859392348163, 0.3008271962564172, 0.6517884135240821, 0.0693820008236981], [0.0, 0.0, 0.0, 1.0]], "T_pred": [[0.9587996602058411, 0.2795017659664154, -0.05081290379166603, 0.0], [0.2814425826072693, -0.9102388620376587, 0.3037354648113251, -0.012173124589025974], [0.03864271938800812, -0.3055223822593689, -0.9514003992080688, 0.07087209820747375], [0.0, 0.0, 0.0, 1.0]]}, "file1900_frac_27": {"unnorm2canon": [[0.07542957176312888, -0.44289329936494937, 0.893395715839997, 0.040206730260727394], [0.31918834452975914, -0.8380824282185361, -0.44242134241882375, 0.0854133104707644], [0.9446846989445646, 0.31853315194646825, 0.07815018036489389, 0.0749844473382108], [0.0, 0.0, 0.0, 1.0]], "T_pred": [[0.8996024131774902, -0.4366273283958435, -0.008494116365909576, 0.0], [-0.417155921459198, -0.8649144768714905, 0.2791127562522888, 0.06695206463336945], [-0.12921492755413055, -0.24754711985588074, -0.9602208137512207, 0.10006623715162277], [0.0, 0.0, 0.0, 1.0]]}, "file1900_frac_28": {"unnorm2canon": [[0.565002856821048, 0.058289767050469336, 0.8230273840166288, -0.001690518640540784], [0.3203899278917819, -0.9347260565114481, -0.15374489709923628, 0.11287329285115257], [0.7603433868256848, 0.3505559903007763, -0.5467983465361699, 0.07024719639246033], [0.0, 0.0, 0.0, 1.0]], "T_pred": [[0.9997151494026184, -0.02078334242105484, -0.011734133586287498, 0.0], [-0.014930890873074532, -0.92816162109375, 0.3718777298927307, 0.0808715745806694], [-0.01862003467977047, -0.3715966045856476, -0.928207516670227, 0.10222072899341583], [0.0, 0.0, 0.0, 1.0]]}, "file1900_frac_29": {"unnorm2canon": [[0.7710847779175497, 0.22684877554063862, 0.5949520134427281, 0.014494900322221511], [-0.018142692792952653, 0.9418311767370185, -0.3355963009694588, 0.0327194861793004], [-0.6364739648737124, 0.24797916759654623, 0.7303473313951798, 0.06819459132340554], [0.0, 0.0, 0.0, 1.0]], "T_pred": [[-0.9698707461357117, 0.16666747629642487, 0.17768734693527222, 0.0], [0.213302344083786, 0.9333144426345825, 0.28883621096611023, -0.045672930777072906], [-0.1176985502243042, 0.3180348873138428, -0.9407449960708618, 0.05921444669365883], [0.0, 0.0, 0.0, 1.0]]}, "file1900_frac_30": {"unnorm2canon": [[-0.21850988144667824, -0.6436155073142389, 0.7334933608798327, -0.019016148921717664], [0.9687108201336896, -0.23372614901354635, 0.08349511496615096, 0.008329302865284155], [0.11769782778824694, 0.7287874628531504, 0.6745487790530765, 0.07949784800639806], [0.0, 0.0, 0.0, 1.0]], "T_pred": [[0.5100769400596619, -0.8489631414413452, 0.13814154267311096, 0.0], [-0.692076563835144, -0.3097240924835205, 0.6519977450370789, -0.07105562090873718], [-0.5107362866401672, -0.4281735420227051, -0.7455306053161621, 0.04368288815021515], [0.0, 0.0, 0.0, 1.0]]}, "file1900_frac_31": {"unnorm2canon": [[-0.584629439575806, -0.7879467001008755, -0.19325738325202196, 0.03975551045647282], [0.80499856170224, -0.5337575408917357, -0.25899846176865715, 0.029769652700375068], [0.10092439763804516, -0.30699004111102235, 0.9463463322801278, -0.07287541326171941], [0.0, 0.0, 0.0, 1.0]], "T_pred": [[-0.41514185070991516, 0.9085609912872314, -0.046627581119537354, 0.0], [-0.8398401737213135, -0.40243759751319885, -0.36429712176322937, 0.02691388502717018], [-0.3497508466243744, -0.11207526922225952, 0.93011474609375, 0.0849885568022728], [0.0, 0.0, 0.0, 1.0]]}, "file1900_frac_32": {"unnorm2canon": [[0.4385040768524025, -0.8972252893579437, 0.05197071021620962, 0.013951778914053066], [-0.029212285395551218, -0.07202561128377567, -0.9969749012393279, -0.012150543457768134], [0.8982543164192377, 0.43565937549392103, -0.05779352540255231, 0.06577360496002094], [0.0, 0.0, 0.0, 1.0]], "T_pred": [[0.8684648275375366, 0.2148982584476471, -0.4467522203922272, 0.0], [0.4945918619632721, -0.31400126218795776, 0.8104208707809448, 0.012914745137095451], [0.03387727215886116, -0.9247820973396301, -0.3789860010147095, 0.08063412457704544], [0.0, 0.0, 0.0, 1.0]]}, "file1900_frac_33": {"unnorm2canon": [[-0.2346601094743357, 0.8962771180461205, 0.37632693324878225, 8.632836830130154e-05], [-0.9720660448915049, -0.2182373509477797, -0.08637165634791683, -0.011489127835032337], [0.0047156537701356326, -0.3860826159233749, 0.922452153930644, -0.07437526780794601], [0.0, 0.0, 0.0, 1.0]], "T_pred": [[-0.5038841962814331, -0.834753155708313, -0.22200898826122284, 0.0], [0.8075897693634033, -0.3641025424003601, -0.4639269709587097, -0.046403609216213226], [0.3064304292201996, -0.4130575954914093, 0.8576036691665649, 0.05936663597822189], [0.0, 0.0, 0.0, 1.0]]}, "file1900_frac_34": {"unnorm2canon": [[-0.393020240324881, -0.9177198164069754, 0.05766653508682629, 0.012692726384344977], [-0.7395239371912583, 0.35273151408648107, 0.5733104091950524, 0.0037772311302671714], [-0.546479127703989, 0.1826768117310078, -0.8173063963041532, 0.07610464739326148], [0.0, 0.0, 0.0, 1.0]], "T_pred": [[0.7819316387176514, 0.6169244050979614, -0.0893707424402237, 0.0], [0.5729143619537354, -0.6547235250473022, 0.4930579960346222, -0.011982877738773823], [0.24566638469696045, -0.4367394745349884, -0.865393877029419, 0.07476264983415604], [0.0, 0.0, 0.0, 1.0]]}, "file1900_frac_35": {"unnorm2canon": [[0.1746710397024082, 0.9825086046959811, 0.06455129423672581, -0.02106416817090732], [-0.06250450222544347, 0.07649125042431902, -0.9951091778343087, 0.009819548173661236], [-0.9826409390468265, 0.16978200819545283, 0.07477201750849052, 0.08323493870121298], [0.0, 0.0, 0.0, 1.0]], "T_pred": [[0.5379406213760376, -0.8340755701065063, 0.12222051620483398, 0.0], [-0.7775346636772156, -0.43492066860198975, 0.4541848599910736, -0.031077217310667038], [-0.3256682753562927, -0.33935511112213135, -0.8824841976165771, 0.0757766142487526], [0.0, 0.0, 0.0, 1.0]]}, "file1900_frac_36": {"unnorm2canon": [[0.6445050166584444, 0.5544789744775019, -0.5264659061748221, -0.01573593905682304], [0.23873983942902396, -0.800062794153601, -0.5503660731554376, 0.003982787451836329], [-0.7263721997512724, 0.229025309242255, -0.6480207058072966, 0.06842705562762814], [0.0, 0.0, 0.0, 1.0]], "T_pred": [[0.9432827830314636, 0.3296436667442322, 0.03940413147211075, 0.0], [0.31794145703315735, -0.9311420917510986, 0.17857106029987335, 0.026068001985549927], [0.09555567055940628, -0.1559147834777832, -0.9831376671791077, 0.08338934928178787], [0.0, 0.0, 0.0, 1.0]]}, "file1900_frac_38": {"unnorm2canon": [[0.2342628105266938, 0.9704898042752068, -0.05718807045184876, -0.08209122489128819], [-0.4574618780874117, 0.0581374511820838, -0.8873266968072071, -0.004674515992581479], [-0.8578167436585, 0.23402900796252143, 0.45758153123919365, 0.07897227359093614], [0.0, 0.0, 0.0, 1.0]], "T_pred": [[-0.00648734113201499, 0.9998487234115601, 0.016138069331645966, 0.0], [0.970375657081604, 0.002396736992523074, 0.2415892481803894, 0.0645756796002388], [0.24151402711868286, 0.017227260395884514, -0.9702444076538086, 0.09754549711942673], [0.0, 0.0, 0.0, 1.0]]}, "file1900_frac_40": {"unnorm2canon": [[-0.08102000099810451, 0.46351031008300175, -0.8823797095837066, -0.03281269645901688], [0.1758703222257663, 0.8780477106634451, 0.4450863371963769, -0.06587675691039206], [0.9810735901034497, -0.11912350836607125, -0.15265713398359818, 0.11526970095581333], [0.0, 0.0, 0.0, 1.0]], "T_pred": [[-0.885918140411377, 0.463663786649704, -0.012845754623413086, 0.0], [0.4599962830543518, 0.874677836894989, -0.15278133749961853, 0.07911182194948196], [-0.05960327386856079, -0.14126074314117432, -0.9881765842437744, 0.10058336704969406], [0.0, 0.0, 0.0, 1.0]]}, "file1900_frac_41": {"unnorm2canon": [[0.5825295919427558, 0.10269173549620259, 0.8062962743134718, -0.009857595806857022], [0.3524255872960429, -0.9258009733332111, -0.13670685130715954, 0.06092223018321875], [0.7324312117394004, 0.363795224317275, -0.5754976584087003, 0.0697656859610824], [0.0, 0.0, 0.0, 1.0]], "T_pred": [[0.9775675535202026, 0.2106131911277771, -0.001937124878168106, 0.0], [0.20098629593849182, -0.9300552010536194, 0.30757421255111694, 0.030311351642012596], [0.06297754496335983, -0.3010638952255249, -0.951522171497345, 0.08614175766706467], [0.0, 0.0, 0.0, 1.0]]}, "file1900_frac_42": {"unnorm2canon": [[0.8769513913302185, 0.004178087125672477, 0.4805609231221001, 0.00488088880824581], [0.1690576404065908, 0.9333657007545669, -0.3166196185884453, -0.05691856575618278], [-0.44986194711728006, 0.3589025107782153, 0.817810012345742, 0.06726593204403464], [0.0, 0.0, 0.0, 1.0]], "T_pred": [[-0.9974884390830994, 0.06761056929826736, 0.021110352128744125, 0.0], [0.07082300633192062, 0.9479888081550598, 0.31032443046569824, 0.02700970135629177], [0.000968835549429059, 0.31104013323783875, -0.9503962993621826, 0.08425471931695938], [0.0, 0.0, 0.0, 1.0]]}, "file1900_frac_43": {"unnorm2canon": [[-0.7853794535894238, -0.5864113859337656, -0.1982442945630912, 0.05152449751996161], [0.6166300830694701, -0.7692311141183829, -0.1674838312373174, 0.06645275947935424], [-0.054281253977007296, -0.253781755686715, 0.9657372137115005, -0.07646240580845452], [0.0, 0.0, 0.0, 1.0]], "T_pred": [[-0.7332763075828552, 0.675975501537323, -0.07323209196329117, 0.0], [-0.6388530731201172, -0.721837043762207, -0.2661166191101074, 0.059852734208106995], [-0.23274995386600494, -0.1483524888753891, 0.9611550569534302, 0.09591716527938843], [0.0, 0.0, 0.0, 1.0]]}, "file1900_frac_44": {"unnorm2canon": [[-0.16626235363989164, 0.9766460273068694, -0.1360858813684682, -0.09358912082740445], [-0.7583250998988187, -0.038421227703932324, 0.6507433073994446, 0.005853856291355903], [0.6303172793328525, 0.21139145348720184, 0.7470031999710565, 0.08563656137501668], [0.0, 0.0, 0.0, 1.0]], "T_pred": [[0.06942473351955414, 0.9968358874320984, -0.03870947286486626, 0.0], [0.971189558506012, -0.05866936594247818, 0.2309732735157013, 0.07132783532142639], [0.2279713749885559, -0.053629498928785324, -0.9721896648406982, 0.10067036747932434], [0.0, 0.0, 0.0, 1.0]]}, "file1900_frac_45": {"unnorm2canon": [[0.9524399855407726, 0.021636416001670874, -0.30395713422404674, -0.011166493565833107], [0.2355539191844471, -0.6850776278935475, 0.6893351832864737, -0.015217497667536398], [-0.19331948970535626, -0.7281486862326629, -0.6575918685915356, 0.1377619377799494], [0.0, 0.0, 0.0, 1.0]], "T_pred": [[0.9999405741691589, -0.008226647973060608, 0.007151626981794834, 0.0], [-0.0005641512107104063, -0.6942523717880249, -0.7197313904762268, 0.08861396461725235], [0.010886009782552719, 0.7196846604347229, -0.6942157745361328, 0.10564471781253815], [0.0, 0.0, 0.0, 1.0]]}, "file1900_frac_46": {"unnorm2canon": [[-0.3580525061401334, -0.4037717299394379, -0.8418828855300984, 0.02239347354411181], [-0.7765843962985228, 0.6293713934684114, 0.028431048332574437, -0.029925408650176472], [0.5183773512340494, 0.6639729205211189, -0.5389108298617009, 0.06053911834998941], [0.0, 0.0, 0.0, 1.0]], "T_pred": [[0.9842944741249084, 0.17226310074329376, 0.038597993552684784, 0.0], [0.17652662098407745, -0.9624850749969482, -0.20606042444705963, 0.02820967510342598], [0.0016533815069124103, 0.20963771641254425, -0.9777777791023254, 0.08600711822509766], [0.0, 0.0, 0.0, 1.0]]}}