{"file1903_frac_2": {"unnorm2canon": [[0.9997739710575736, 0.0010225290139300334, 0.021235847762369732, -0.0047165221467592635], [-0.021259505267468393, 0.03865893766970049, 0.9990262859274693, 0.03807591850659592], [0.0002005780480309415, -0.9992519406899676, 0.038671938091861965, -0.08631889443063105], [0.0, 0.0, 0.0, 1.0]], "T_pred": [[-0.9728883504867554, -0.230268195271492, -0.02155660279095173, 0.0], [0.022257136180996895, -0.00044491744483821094, -0.9997521638870239, -0.08076158910989761], [0.23020151257514954, -0.9731271862983704, 0.005557965487241745, 0.04246795177459717], [0.0, 0.0, 0.0, 1.0]]}, "file1903_frac_3": {"unnorm2canon": [[-0.300409206998411, 0.716178973453802, -0.6299539557247373, -0.043784799987618], [-0.756831864533653, -0.5809338982826627, -0.2995351976857177, 0.05521020891079616], [-0.5804824176295948, 0.38678609567662464, 0.7165449595204291, 0.06775783353689524], [0.0, 0.0, 0.0, 1.0]], "T_pred": [[0.5922461748123169, 0.8046008348464966, -0.04315117001533508, 0.0], [0.7678323984146118, -0.547324538230896, 0.33297038078308105, 0.032736681401729584], [0.2442905455827713, -0.23033331334590912, -0.9419494271278381, 0.08839864283800125], [0.0, 0.0, 0.0, 1.0]]}, "file1903_frac_4": {"unnorm2canon": [[0.13353126484161973, -0.757626550872391, -0.6388829397651824, 0.06973228424288075], [-0.09356225951569144, 0.6321395762568147, -0.7691850620781535, -0.05893982122331929], [0.9866182163857081, 0.16248558564703366, 0.013525145205317328, 0.08936890232523657], [0.0, 0.0, 0.0, 1.0]], "T_pred": [[-0.5272967219352722, -0.8496594429016113, -0.00608459860086441, 0.0], [-0.8402105569839478, 0.5203397870063782, 0.15261973440647125, 0.06745265424251556], [-0.12650874257087708, 0.08558822423219681, -0.9882662892341614, 0.09833039343357086], [0.0, 0.0, 0.0, 1.0]]}, "file1903_frac_5": {"unnorm2canon": [[-0.017138781434647657, 0.6988534985955742, -0.7150594728214307, -0.018062684019936295], [-0.34075186959286574, 0.6682687253822203, 0.6612904611779834, -0.010750896209901174], [0.939997034856974, 0.25499156491293834, 0.22668232459402007, 0.07837014270071169], [0.0, 0.0, 0.0, 1.0]], "T_pred": [[-0.8307358026504517, 0.5564415454864502, -0.015839911997318268, 0.0], [0.533409595489502, 0.803844690322876, 0.26326411962509155, -0.020878415554761887], [0.15922388434410095, 0.2102537453174591, -0.964593768119812, 0.0773736983537674], [0.0, 0.0, 0.0, 1.0]]}, "file1903_frac_6": {"unnorm2canon": [[-0.16730753622957967, 0.09771422910254934, -0.9810505174310251, -0.005740876836802116], [-0.29589631026608554, -0.9541794178524458, -0.04457591409812759, 0.07955113796970574], [-0.9404539126888167, 0.2828313419295353, 0.18855468737380665, 0.0757997079421487], [0.0, 0.0, 0.0, 1.0]], "T_pred": [[-0.4203495979309082, -0.8996133804321289, 0.11833010613918304, 0.0], [-0.8321396708488464, 0.4341994524002075, 0.34498459100723267, 0.055669497698545456], [-0.3617315888404846, 0.046546947211027145, -0.9311195611953735, 0.09670916199684143], [0.0, 0.0, 0.0, 1.0]]}, "file1903_frac_7": {"unnorm2canon": [[-0.9586472653783673, 0.25633877483160694, -0.12363597009127165, -0.02177259492093789], [-0.2823019254061857, -0.9115575727516744, 0.29894550418268157, 0.06467080713054144], [-0.03606998051759246, 0.32148596248811223, 0.9462271040445589, 0.06917364138886122], [0.0, 0.0, 0.0, 1.0]], "T_pred": [[0.8581214547157288, 0.5132169127464294, 0.015356376767158508, 0.0], [0.47338858246803284, -0.8024002909660339, 0.36339637637138367, 0.035324204713106155], [0.19882315397262573, -0.3045687675476074, -0.93150794506073, 0.08740830421447754], [0.0, 0.0, 0.0, 1.0]]}, "file1903_frac_8": {"unnorm2canon": [[0.7518335136876897, -0.6483259459351757, 0.12008261957203394, 0.02082404368879655], [0.5413252847576955, 0.7109082896427036, 0.44897253791215885, -0.01696558928379103], [-0.376448275036587, -0.2725488424934964, 0.8854399046109414, -0.07147054781997754], [0.0, 0.0, 0.0, 1.0]], "T_pred": [[-0.32709458470344543, -0.944949209690094, -0.008942082524299622, 0.0], [0.8596468567848206, -0.29361066222190857, -0.41809093952178955, 0.006499522365629673], [0.3924492597579956, -0.14444230496883392, 0.9083610773086548, 0.07890263199806213], [0.0, 0.0, 0.0, 1.0]]}, "file1903_frac_9": {"unnorm2canon": [[-0.2164073549972827, 0.9450150716374426, -0.2451823221220488, -0.06748373486170645], [-0.7678031343709407, -0.0096200711901319, 0.640613612937203, 0.0012751637524426422], [0.6030308479283955, 0.3268852529686475, 0.7276673881921492, 0.07319283041853235], [0.0, 0.0, 0.0, 1.0]], "T_pred": [[0.07780782878398895, 0.9968869090080261, -0.012745432555675507, 0.0], [0.9582144021987915, -0.07124744355678558, 0.27703601121902466, 0.04035438597202301], [0.27526548504829407, -0.033768430352211, -0.9607749581336975, 0.09021919220685959], [0.0, 0.0, 0.0, 1.0]]}, "file1903_frac_10": {"unnorm2canon": [[0.9918197648162482, -0.11255883712062174, -0.060200185264627, 0.009603148304390893], [-0.12277358730408355, -0.9702660398204055, -0.20859160633092103, 0.0882403743970575], [-0.03493136671143337, 0.2142762706350861, -0.9761482876399417, 0.08345637739613089], [0.0, 0.0, 0.0, 1.0]], "T_pred": [[0.9974114298820496, -0.07153961807489395, -0.007247301749885082, 0.0], [-0.0686149150133133, -0.9770591855049133, 0.20161190629005432, 0.0713004395365715], [-0.02150428108870983, -0.2005927413702011, -0.9794386625289917, 0.10080727189779282], [0.0, 0.0, 0.0, 1.0]]}, "file1903_frac_11": {"unnorm2canon": [[-0.6117847214856946, 0.7855094977728745, 0.09324314165276738, -0.017479279212055686], [0.7640201672942876, 0.556243083277419, 0.32690490402201106, -0.0028919771810192244], [0.20492105437041114, 0.27123506634400585, -0.9404461176809025, 0.07918494670299679], [0.0, 0.0, 0.0, 1.0]], "T_pred": [[-0.6744691729545593, 0.7214125990867615, -0.15702009201049805, 0.0], [0.7068170309066772, 0.6923798322677612, 0.1449826955795288, -0.025606516748666763], [0.2133098542690277, -0.013198102824389935, -0.9768955707550049, 0.07344397902488708], [0.0, 0.0, 0.0, 1.0]]}, "file1903_frac_12": {"unnorm2canon": [[0.6230018627361902, -0.7200681014267498, -0.3055660457821065, -0.014225117169568898], [0.3091972302486208, 0.585519828487823, -0.749375475482199, 0.00872328530219107], [0.7185163546042761, 0.37238214210037784, 0.5874230063684224, 0.07670416698230983], [0.0, 0.0, 0.0, 1.0]], "T_pred": [[0.8415653109550476, 0.5401512980461121, -0.0020919740200042725, 0.0], [0.5266560316085815, -0.8196666836738586, 0.22534412145614624, -0.03773391991853714], [0.12000519782304764, -0.190743550658226, -0.9742770195007324, 0.06695877015590668], [0.0, 0.0, 0.0, 1.0]]}, "file1903_frac_13": {"unnorm2canon": [[-0.48318783362760653, 0.5347208437379367, 0.6932554628031781, -0.04349857679518513], [0.14315773900955192, -0.7329139068274364, 0.6650887662114103, 0.06764148465558059], [0.8637333959017289, 0.42060768472667287, 0.2775856558846919, 0.06652865330688267], [0.0, 0.0, 0.0, 1.0]], "T_pred": [[0.8385534286499023, 0.5445012450218201, -0.018615171313285828, 0.0], [0.5144705176353455, -0.7801353931427002, 0.3559618592262268, 0.044856104999780655], [0.17929932475090027, -0.30806997418403625, -0.9343150854110718, 0.09258568286895752], [0.0, 0.0, 0.0, 1.0]]}, "file1903_frac_14": {"unnorm2canon": [[-0.4710786767801065, -0.07046026689704325, 0.8792725578976645, -0.0007282591131390261], [0.15127842330090607, 0.9755827119507744, 0.15922691602352848, -0.08950249102067828], [-0.8690222775779088, 0.20802337111865438, -0.44891709495377297, 0.07981731643576558], [0.0, 0.0, 0.0, 1.0]], "T_pred": [[-0.9991384744644165, -0.011123188771307468, -0.03998186066746712, 0.0], [-0.018848737701773643, 0.9799396395683289, 0.1984010934829712, 0.06727758795022964], [0.03697295859456062, 0.19898377358913422, -0.9793050289154053, 0.09736782312393188], [0.0, 0.0, 0.0, 1.0]]}, "file1903_frac_15": {"unnorm2canon": [[0.9780770571360705, -0.19862836593769628, -0.06254632322499512, -0.0029220271845431874], [0.0628628501408975, -0.004718401879135151, 0.9980110213599198, -0.004075971549633183], [-0.1985284170495701, -0.9800635229048308, 0.007871384577342728, -0.08754853876478583], [0.0, 0.0, 0.0, 1.0]], "T_pred": [[-0.06369327008724213, 0.9957406520843506, -0.06666155159473419, 0.0], [-0.5980430245399475, -0.09155836701393127, -0.7962170839309692, -0.07903456687927246], [-0.7989290952682495, -0.010847197845578194, 0.6013274192810059, 0.02379634976387024], [0.0, 0.0, 0.0, 1.0]]}, "file1903_frac_16": {"unnorm2canon": [[-0.20119762302300048, -0.9567688555061356, -0.21003064924761525, 0.034751326548276784], [-0.7955213106861594, 0.034491507572835096, 0.6049431214168227, -0.0018884144045932662], [-0.5715464641952306, 0.2887969754669068, -0.7680696232940712, 0.07065155559493425], [0.0, 0.0, 0.0, 1.0]], "T_pred": [[-0.05857403203845024, -0.9982827305793762, 0.0007798317819833755, 0.0], [-0.9565868973731995, 0.05635090172290802, 0.28594785928726196, 0.012162987142801285], [-0.28550076484680176, 0.016003139317035675, -0.9582449197769165, 0.08041271567344666], [0.0, 0.0, 0.0, 1.0]]}, "file1903_frac_17": {"unnorm2canon": [[-0.29747101006915877, 0.3648133881879358, -0.882282375414625, -0.0030718383533337246], [-0.3892491492725501, -0.8901657087001565, -0.23683350870378161, 0.03976635927342562], [-0.8717775507312804, 0.2729765609959706, 0.4068017934913547, 0.07476373903597704], [0.0, 0.0, 0.0, 1.0]], "T_pred": [[0.9381174445152283, 0.33104512095451355, -0.10170918703079224, 0.0], [0.3455120325088501, -0.8746468424797058, 0.3400209844112396, 0.015596136450767517], [0.0236026830971241, -0.3541213870048523, -0.9349015355110168, 0.08162285387516022], [0.0, 0.0, 0.0, 1.0]]}, "file1903_frac_19": {"unnorm2canon": [[-0.23035964209373425, -0.9527321501874368, -0.19808050205325828, 0.025578867503623103], [-0.21443745303630662, -0.14885097199613925, 0.9653289423150574, 0.0006443542797382406], [-0.9491843941140987, 0.26484870801087296, -0.17001219907766235, 0.07521346564049634], [0.0, 0.0, 0.0, 1.0]], "T_pred": [[0.2297363579273224, -0.9709975123405457, -0.06621918827295303, 0.0], [-0.9223431944847107, -0.23893187940120697, 0.30363568663597107, 0.008809194900095463], [-0.31065139174461365, -0.008679348044097424, -0.9504842758178711, 0.07932956516742706], [0.0, 0.0, 0.0, 1.0]]}, "file1903_frac_20": {"unnorm2canon": [[0.17431901469819097, -0.7630162438134309, 0.6224299902731997, -0.04369501671089418], [0.2701266173183241, -0.570803132285135, -0.7753808063072225, -0.030957391117309854], [0.9469131384297151, 0.3032985259613405, 0.10660915729367004, 0.07073078104258873], [0.0, 0.0, 0.0, 1.0]], "T_pred": [[0.5350289344787598, -0.844733476638794, -0.013015210628509521, 0.0], [-0.8130555152893066, -0.51902836561203, 0.2637239694595337, -0.07071306556463242], [-0.22953175008296967, -0.1305178701877594, -0.9645103812217712, 0.05141924321651459], [0.0, 0.0, 0.0, 1.0]]}, "file1903_frac_21": {"unnorm2canon": [[-0.3333475196512066, -0.5860806779141653, -0.7385044821245572, -0.011053248049015113], [0.610221878443814, -0.7312246372695006, 0.30486027769880225, -0.007650798388763879], [-0.7186853902862447, -0.34902717491014973, 0.6013911713380474, -0.07192141093436263], [0.0, 0.0, 0.0, 1.0]], "T_pred": [[-0.8447552919387817, 0.5251587629318237, 0.10294019430875778, 0.0], [-0.5212802290916443, -0.7639764547348022, -0.3802720904350281, -0.0463564433157444], [-0.121059350669384, -0.3748975694179535, 0.9191280603408813, 0.05979292094707489], [0.0, 0.0, 0.0, 1.0]]}, "file1903_frac_22": {"unnorm2canon": [[-0.14336419589787108, -0.4507910314930216, -0.8810415161954702, 0.015258755598277756], [-0.39148085625333984, 0.8434585673060806, -0.367859191029834, -0.02123539826823041], [0.908949639155937, 0.2921730500293104, -0.2973978182752216, 0.07671827976932472], [0.0, 0.0, 0.0, 1.0]], "T_pred": [[-0.912912905216217, -0.40763959288597107, 0.020493999123573303, 0.0], [-0.3840605616569519, 0.8749352097511292, 0.2949337661266327, 0.0079336604103446], [-0.13815759122371674, 0.26137790083885193, -0.9552979469299316, 0.08114664256572723], [0.0, 0.0, 0.0, 1.0]]}, "file1903_frac_23": {"unnorm2canon": [[0.9076642805475068, -0.34497158337475764, -0.23904008132965776, -0.0009092744110489137], [0.2448162477627973, 0.8978054730945387, -0.3660742237755012, -0.007983969303186636], [0.3408966979152504, 0.27375160117413666, 0.8993606074345677, 0.0728158054471326], [0.0, 0.0, 0.0, 1.0]], "T_pred": [[-0.9808863401412964, -0.19193418323993683, -0.031988147646188736, 0.0], [-0.19186533987522125, 0.926662802696228, 0.32323935627937317, -0.016129978001117706], [-0.03239845484495163, 0.32319849729537964, -0.9457764029502869, 0.07026071846485138], [0.0, 0.0, 0.0, 1.0]]}, "file1903_frac_24": {"unnorm2canon": [[-0.5762781979938546, -0.0071769544947194374, 0.8172220811022773, -0.004971770098849546], [-0.09486128279974379, -0.9926149369983363, -0.07561034237045343, 0.06724027267242272], [0.8117294965335082, -0.12109532679658169, 0.5713415320852195, 0.11314518811256472], [0.0, 0.0, 0.0, 1.0]], "T_pred": [[0.9997166395187378, -0.022794164717197418, -0.006864044349640608, 0.0], [-0.02336210198700428, -0.9948130249977112, -0.0990014597773552, 0.0811614915728569], [-0.004571785219013691, 0.09913375973701477, -0.9950636625289917, 0.10199076682329178], [0.0, 0.0, 0.0, 1.0]]}, "file1903_frac_25": {"unnorm2canon": [[0.3180415238301394, 0.18224731419754156, 0.9303953490788667, -0.01557578033587596], [0.3443344422678632, 0.8921334549448008, -0.29245801482663114, -0.11118960211499504], [-0.8833365049560002, 0.41338095630548405, 0.2209814561814649, 0.055665002616467], [0.0, 0.0, 0.0, 1.0]], "T_pred": [[-0.9945988059043884, 0.08387693017721176, 0.06113778054714203, 0.0], [0.10305675864219666, 0.8681128621101379, 0.4855504631996155, 0.07803592085838318], [-0.012348008342087269, 0.48922860622406006, -0.8720681071281433, 0.09892608225345612], [0.0, 0.0, 0.0, 1.0]]}, "file1903_frac_27": {"unnorm2canon": [[0.6799117176122053, 0.629999906507707, 0.3752601418401664, -0.05034436497164417], [0.6550101430918743, -0.7518439607724052, 0.07544780379059339, 0.0788943016976596], [0.32966918069541096, 0.19450135333807336, -0.9238438476546099, 0.08506111567410952], [0.0, 0.0, 0.0, 1.0]], "T_pred": [[0.7770186066627502, 0.6253209114074707, -0.07222112268209457, 0.0], [0.6251699924468994, -0.7532058954238892, 0.20455658435821533, 0.0729450061917305], [0.0735161304473877, -0.20409473776817322, -0.9761868715286255, 0.10037977248430252], [0.0, 0.0, 0.0, 1.0]]}, "file1903_frac_28": {"unnorm2canon": [[0.8630163511738376, -0.025014469935860952, 0.5045562940846384, 0.01313618619740176], [0.08063427080065065, 0.9927891335580836, -0.08870090564046147, -0.0860712504479021], [-0.49869919989813843, 0.11723486078303932, 0.8588102790710752, 0.09052120859295727], [0.0, 0.0, 0.0, 1.0]], "T_pred": [[-0.9996458888053894, -0.013947694562375546, 0.022661367431282997, 0.0], [-0.011830726638436317, 0.9957801699638367, 0.09100506454706192, 0.07564949989318848], [-0.02383504994213581, 0.09070473909378052, -0.9955925345420837, 0.10109269618988037], [0.0, 0.0, 0.0, 1.0]]}, "file1903_frac_29": {"unnorm2canon": [[-0.16149018231614293, -0.21367692569163568, 0.9634641106146453, 0.001227901978765809], [0.38105552354948935, -0.9140662103452555, -0.13885118320520887, 0.0016180274564245138], [0.9103392823491263, 0.3447102182007858, 0.22903549174755347, 0.06974698329165831], [0.0, 0.0, 0.0, 1.0]], "T_pred": [[0.9912865161895752, -0.1316990852355957, -0.002514295279979706, 0.0], [-0.12365419417619705, -0.9369722604751587, 0.32679131627082825, -0.024122603237628937], [-0.04539394751191139, -0.32363295555114746, -0.9450930953025818, 0.06727239489555359], [0.0, 0.0, 0.0, 1.0]]}, "file1903_frac_30": {"unnorm2canon": [[0.47281691202126813, 0.6534226732452703, -0.5911708533035747, -0.058516299483561934], [-0.023136219446601023, -0.6614628966130275, -0.7496209387110409, 0.051225040634853766], [-0.8808569027125748, 0.36811091602030477, -0.2976331138336275, 0.07036893097412375], [0.0, 0.0, 0.0, 1.0]], "T_pred": [[0.6157680153846741, 0.7877808809280396, -0.015199199318885803, 0.0], [0.7473222017288208, -0.577813446521759, 0.3280872404575348, 0.05143493041396141], [0.2496785670518875, -0.21338431537151337, -0.9445252418518066, 0.09651976823806763], [0.0, 0.0, 0.0, 1.0]]}, "file1903_frac_31": {"unnorm2canon": [[-0.548335692000002, -0.009063043575898782, -0.8362092023650661, -0.0006648354519960866], [0.8219663072681409, -0.1899192797630266, -0.5369376657399532, 0.11989790539295889], [-0.15394595998224594, -0.9817578766760339, 0.11158903615369306, 0.06498456242287716], [0.0, 0.0, 0.0, 1.0]], "T_pred": [[-0.9996973276138306, 0.0033931846264749765, 0.02436724677681923, 0.0], [-0.024082524701952934, 0.06756178289651871, -0.9974244236946106, 0.08869611471891403], [-0.005030739586800337, -0.997709333896637, -0.06745961308479309, 0.10387616604566574], [0.0, 0.0, 0.0, 1.0]]}, "file1903_frac_32": {"unnorm2canon": [[-0.47702447779891166, 0.7751998125856157, -0.4141411572735822, -0.06865603750307495], [0.047693078344550534, 0.4933468403616728, 0.8685241881393834, -0.04274433607823108], [0.8775950192763723, 0.3945556306433612, -0.2723101842915965, 0.06954880427120758], [0.0, 0.0, 0.0, 1.0]], "T_pred": [[-0.4615739583969116, 0.8868423104286194, -0.021452248096466064, 0.0], [0.8301593065261841, 0.4403439164161682, 0.34195441007614136, 0.0474914014339447], [0.31270602345466614, 0.1400284767150879, -0.9394717216491699, 0.09383510798215866], [0.0, 0.0, 0.0, 1.0]]}, "file1903_frac_33": {"unnorm2canon": [[0.2604853475684554, -0.6212773484556452, -0.7390276314171642, 0.034515173172538494], [-0.2767034583847821, 0.6853033057854699, -0.6736427652676211, -0.03839559241404404], [0.9249770698887845, 0.3799655713027553, 0.006601878863535365, 0.06925072340841026], [0.0, 0.0, 0.0, 1.0]], "T_pred": [[-0.7511959671974182, -0.6593403816223145, 0.03122231364250183, 0.0], [-0.6072360277175903, 0.7088289856910706, 0.35892313718795776, -0.013785733841359615], [-0.25878384709358215, 0.25066229701042175, -0.9328446984291077, 0.062273237854242325], [0.0, 0.0, 0.0, 1.0]]}, "file1903_frac_34": {"unnorm2canon": [[-0.5018569716643517, -0.07415175415674069, -0.8617662660764602, 0.004281865314810191], [-0.4138454712884477, -0.8542905077870278, 0.31451495067647495, -0.029274770960678362], [-0.7595205763413713, 0.514479587214557, 0.3980442795137374, 0.08105811404364638], [0.0, 0.0, 0.0, 1.0]], "T_pred": [[0.9946355223655701, -0.10329170525074005, -0.005558300763368607, 0.0], [-0.08521348983049393, -0.8486459255218506, 0.5220522880554199, -0.05831265449523926], [-0.05864071473479271, -0.5187782049179077, -0.852895200252533, 0.05505841225385666], [0.0, 0.0, 0.0, 1.0]]}, "file1903_frac_35": {"unnorm2canon": [[-0.6267922075082617, 0.7393314079268131, 0.24600934506615088, -0.04394501016799644], [0.7788165501826112, 0.6041771250253514, 0.16856684952195666, -0.027276429338179416], [-0.024006452644581202, 0.29725253716168343, -0.9544970504838485, 0.07353297920328777], [0.0, 0.0, 0.0, 1.0]], "T_pred": [[-0.5574807524681091, 0.829872727394104, 0.02294352650642395, 0.0], [0.7902317643165588, 0.5219749212265015, 0.32105448842048645, 0.02844972535967827], [0.2544584572315216, 0.19711238145828247, -0.9467828273773193, 0.08640144765377045], [0.0, 0.0, 0.0, 1.0]]}, "file1903_frac_36": {"unnorm2canon": [[0.22924717077781834, -0.8092399609502636, 0.5409033372901123, 0.007958602664669929], [-0.7708291434352469, -0.4902596427469568, -0.40677747519314467, 0.002072504393251141], [0.5943636650412347, -0.3236914708404313, -0.7361763819791487, -0.06997215211988886], [0.0, 0.0, 0.0, 1.0]], "T_pred": [[-0.2888270318508148, 0.9562745690345764, -0.046020615845918655, 0.0], [-0.8891172409057617, -0.28574874997138977, -0.3575166165828705, -0.0010501155629754066], [-0.35503438115119934, -0.062342748045921326, 0.9327722191810608, 0.07572279870510101], [0.0, 0.0, 0.0, 1.0]]}, "file1903_frac_37": {"unnorm2canon": [[0.5872343377433512, -0.4714932076693094, -0.6579133588070953, -0.02109971640816786], [-0.5141226307456829, -0.8450729012278219, 0.14673006564958604, -0.02471361534483937], [-0.6251669801983045, 0.2520832139038589, -0.7386611538030377, 0.06663185786322985], [0.0, 0.0, 0.0, 1.0]], "T_pred": [[0.8677181005477905, -0.4970283508300781, 0.005301907658576965, 0.0], [-0.47501519322395325, -0.8260517120361328, 0.30331361293792725, -0.04408448934555054], [-0.14637582004070282, -0.26570919156074524, -0.9528760313987732, 0.05856742337346077], [0.0, 0.0, 0.0, 1.0]]}, "file1903_frac_38": {"unnorm2canon": [[-0.4771488733441896, 0.8524553339257398, -0.21365592977478198, -0.07554169631251129], [0.3918845410678084, 0.4239931778027068, 0.8164902275280675, -0.037079576881051506], [0.7866101061761438, 0.30585893617535176, -0.5363719344104779, 0.07697796567277403], [0.0, 0.0, 0.0, 1.0]], "T_pred": [[-0.49485889077186584, 0.8689589500427246, 0.004999198019504547, 0.0], [0.8343316912651062, 0.4735153019428253, 0.28226569294929504, 0.05392693355679512], [0.24291010200977325, 0.14385268092155457, -0.9593232274055481, 0.0959497019648552], [0.0, 0.0, 0.0, 1.0]]}, "file1903_frac_39": {"unnorm2canon": [[0.994006498323589, -0.05603810902927957, -0.0938659236725412, 0.009378032150905253], [0.05716409522367312, 0.9983210310198819, 0.00934800730950695, -0.08050980804860941], [0.09318448104558823, -0.014657740611101379, 0.9955409600475724, 0.1012718917500738], [0.0, 0.0, 0.0, 1.0]], "T_pred": [[-0.99866783618927, -0.0504758320748806, 0.010712564922869205, 0.0], [-0.05033043399453163, 0.9986422657966614, 0.013434209860861301, 0.0853423923254013], [-0.011376122944056988, 0.0128771448507905, -0.9998523592948914, 0.10186028480529785], [0.0, 0.0, 0.0, 1.0]]}, "file1903_frac_40": {"unnorm2canon": [[0.008670095674347098, 0.9726898362833006, 0.23194678663901117, -0.0896384297920881], [0.9127942371817387, 0.08701895864352235, -0.39904182914126185, -0.010476436872590764], [-0.408327699291641, 0.2151794210136329, -0.887111214427725, 0.08074000389981564], [0.0, 0.0, 0.0, 1.0]], "T_pred": [[-0.05987394228577614, 0.9977208375930786, 0.0311165452003479, 0.0], [0.9778124094009399, 0.05235328525304794, 0.2028348743915558, 0.07076674699783325], [0.20074352622032166, 0.04257066920399666, -0.9787184000015259, 0.09753978252410889], [0.0, 0.0, 0.0, 1.0]]}, "file1903_frac_41": {"unnorm2canon": [[-0.7858975532663574, -0.37209150554339565, -0.49387543700046777, -0.012179469156597301], [-0.5981127547390096, 0.6601182221282365, 0.4544282841469819, 0.024060928837848373], [0.15692727101580214, 0.6525272747684235, -0.7413379710326642, 0.08361405533239465], [0.0, 0.0, 0.0, 1.0]], "T_pred": [[-0.7847356200218201, -0.618692934513092, -0.037537023425102234, 0.0], [-0.49372461438179016, 0.5873187780380249, 0.6413210034370422, -0.06835176795721054], [-0.3747346103191376, 0.5218003988265991, -0.7663539052009583, 0.04893612861633301], [0.0, 0.0, 0.0, 1.0]]}, "file1903_frac_43": {"unnorm2canon": [[0.757882950929973, 0.2146182223562612, 0.6160782834367043, -0.038470198869987], [-0.55569330787572, 0.7071067725068135, 0.43726989360935725, 0.010967722470984096], [-0.34178703935611404, -0.6737499765548319, 0.6551660772815902, 0.1297425908354237], [0.0, 0.0, 0.0, 1.0]], "T_pred": [[0.9617669582366943, 0.2672004997730255, -0.06006845086812973, 0.0], [0.19097699224948883, -0.4971306025981903, 0.8463975787162781, 0.020834797993302345], [0.19629602134227753, -0.8255088925361633, -0.5291529297828674, 0.0799921452999115], [0.0, 0.0, 0.0, 1.0]]}, "file1903_frac_44": {"unnorm2canon": [[0.37343722663880735, 0.5900412085310589, 0.7158184197095822, -0.04684181501328683], [0.7263349489863571, -0.6659774128966962, 0.17003419477390763, 0.05944171161191775], [0.5770460810379906, 0.4564268372331229, -0.6772683091744849, 0.0656426460502235], [0.0, 0.0, 0.0, 1.0]], "T_pred": [[0.6167616844177246, 0.7858601212501526, -0.04504416882991791, 0.0], [0.758088231086731, -0.5776116251945496, 0.3027658462524414, 0.03604274243116379], [0.21191354095935822, -0.22088180482387543, -0.9520000219345093, 0.08978456258773804], [0.0, 0.0, 0.0, 1.0]]}, "file1903_frac_45": {"unnorm2canon": [[-0.7711638355434416, 0.02539309986374116, -0.636130119731206, 0.0333096415273668], [-0.6362777401041464, 0.0028097537330506613, 0.7714549518487265, 0.007428006937432578], [0.021377001611292933, 0.9996735946113963, 0.013990283729828318, 0.08896480651988797], [0.0, 0.0, 0.0, 1.0]], "T_pred": [[0.8908610343933105, -0.2707086205482483, -0.36480623483657837, 0.0], [0.06397116929292679, -0.7202895879745483, 0.6907176375389099, -0.04061361402273178], [-0.44974926114082336, -0.6386704444885254, -0.6243603825569153, 0.05897809565067291], [0.0, 0.0, 0.0, 1.0]]}, "file1903_frac_46": {"unnorm2canon": [[-0.7569321693443466, -0.32676591205317096, 0.5659308524296238, -0.0109368678957881], [0.484873978981896, -0.8614264062138182, 0.1511349436226117, -0.044660667156503804], [0.4381220326780262, 0.38880404498616694, 0.8104816463587988, 0.06962169790232783], [0.0, 0.0, 0.0, 1.0]], "T_pred": [[0.9612155556678772, -0.2671527862548828, -0.0685129389166832, 0.0], [-0.22552616894245148, -0.904360294342041, 0.3623126447200775, -0.07056806236505508], [-0.1587532013654709, -0.33280909061431885, -0.9295350909233093, 0.04532434046268463], [0.0, 0.0, 0.0, 1.0]]}}