{"file1901_frac_1": {"unnorm2canon": [[-0.5873345684329203, -0.8024060266271618, 0.10574815911459946, -0.015144495492316907], [0.20926292728704665, -0.024342493872451937, 0.9775563770214618, -0.0035636482682255854], [-0.781822954374564, 0.5962818221482864, 0.18221102213792523, 0.07924466825280421], [0.0, 0.0, 0.0, 1.0]], "T_pred": [[0.09653060138225555, -0.9944644570350647, -0.0415000319480896, 0.0], [-0.7018818855285645, -0.09757474064826965, 0.7055785059928894, -0.06693973392248154], [-0.7057220935821533, -0.03898179531097412, -0.7074155807495117, 0.0453188419342041], [0.0, 0.0, 0.0, 1.0]]}, "file1901_frac_2": {"unnorm2canon": [[-0.6869628241499549, -0.08846948227166564, 0.721287202813485, 0.009026442653078882], [0.1691021314767494, 0.9458527894295904, 0.27706852917334895, -0.016188366419618565], [-0.7067436220907396, 0.3123069826866609, -0.6348053254338808, 0.07043158345160283], [0.0, 0.0, 0.0, 1.0]], "T_pred": [[-0.999269962310791, 0.03567596152424812, 0.013668126426637173, 0.0], [0.03817193582653999, 0.9471262097358704, 0.3185823857784271, -0.0012598251923918724], [-0.001579707837663591, 0.31887152791023254, -0.947796642780304, 0.0749364048242569], [0.0, 0.0, 0.0, 1.0]]}, "file1901_frac_3": {"unnorm2canon": [[0.45351831793179526, 0.8311877116781119, -0.32163352321488325, -0.07995879422607977], [-0.8826994493135928, 0.36903998316837927, -0.29094874635330964, -0.03933164134132191], [-0.12313739270341585, 0.4158563198730858, 0.9010553277905966, 0.06481351287258391], [0.0, 0.0, 0.0, 1.0]], "T_pred": [[-0.6527825593948364, 0.7573745250701904, -0.016086667776107788, 0.0], [0.6987072825431824, 0.610150933265686, 0.3735290467739105, 0.05472981929779053], [0.2927166819572449, 0.23259337246418, -0.9274789690971375, 0.09541311115026474], [0.0, 0.0, 0.0, 1.0]]}, "file1901_frac_6": {"unnorm2canon": [[0.9235033806596978, -0.24326078758024974, -0.29659011301111377, 0.018495994434632762], [-0.17159729621815364, 0.42952509508987036, -0.8866016922038082, -0.123600639437664], [0.3430683224092948, 0.8696737215265695, 0.35492498396900424, -0.018649229828937713], [0.0, 0.0, 0.0, 1.0]], "T_pred": [[-0.8812875151634216, 0.42425888776779175, 0.20817480981349945, 0.0], [0.13402187824249268, -0.19804702699184418, 0.9709869623184204, -0.0762607529759407], [0.45317813754081726, 0.8836186528205872, 0.11767640709877014, 0.03804973512887955], [0.0, 0.0, 0.0, 1.0]]}, "file1901_frac_7": {"unnorm2canon": [[0.5165158462415753, 0.8403002098851696, -0.16464184719654157, -0.07007578295750082], [-0.7429621385176808, 0.3442103856508798, -0.5740439627235071, -0.021708523644670123], [-0.4256978286420827, 0.4188254620686434, 0.8021013595627448, 0.06254818945521722], [0.0, 0.0, 0.0, 1.0]], "T_pred": [[-0.36369916796684265, 0.9310764670372009, -0.028627730906009674, 0.0], [0.8774223923683167, 0.35273727774620056, 0.32512515783309937, 0.035096682608127594], [0.3128144443035126, 0.09312913566827774, -0.9452375769615173, 0.08752375096082687], [0.0, 0.0, 0.0, 1.0]]}, "file1901_frac_8": {"unnorm2canon": [[-0.1922352558126992, 0.028738713286461517, -0.9809279753280896, -0.001480521134935276], [2.71695820945857e-05, -0.9995709488062557, -0.029290229845034012, 0.0694626764282696], [-0.9813488705269088, -0.005657266230227507, 0.19215199622788318, 0.09405799858945532], [0.0, 0.0, 0.0, 1.0]], "T_pred": [[0.9985588192939758, -0.044046755880117416, -0.030661001801490784, 0.0], [-0.040349896997213364, -0.992864191532135, 0.11221716552972794, 0.07060261815786362], [-0.03538500890135765, -0.1108182817697525, -0.9932106137275696, 0.09654121100902557], [0.0, 0.0, 0.0, 1.0]]}, "file1901_frac_9": {"unnorm2canon": [[0.7140506565247581, -0.5000844942223118, -0.4899460771911297, -0.016582271303397286], [-0.1510478941257324, -0.793392468904529, 0.589671878221912, -0.018023133669355325], [-0.6836052907904852, -0.34705026858365967, -0.6420591230402898, -0.0729184912180074], [0.0, 0.0, 0.0, 1.0]], "T_pred": [[-0.8606350421905518, 0.5086082220077515, -0.025000594556331635, 0.0], [-0.4788523316383362, -0.8250324130058289, -0.3000367283821106, -0.050932787358760834], [-0.17322741448879242, -0.24625051021575928, 0.9536000490188599, 0.05796831473708153], [0.0, 0.0, 0.0, 1.0]]}, "file1901_frac_10": {"unnorm2canon": [[0.7193506755631964, -0.055054338558468446, 0.6924620028367353, -9.263128324137698e-05], [-0.28122884148248833, -0.9345876655636592, 0.21784451816533693, 0.044383354450342145], [0.6351731608665391, -0.3514468881383924, -0.6877791364476314, 0.1357096719328863], [0.0, 0.0, 0.0, 1.0]], "T_pred": [[-0.9946438074111938, 0.09165365993976593, -0.04778306931257248, 0.0], [0.07989753037691116, 0.9750467538833618, 0.20712360739707947, 0.030995119363069534], [0.06557436287403107, 0.20219647884368896, -0.977147102355957, 0.08741059899330139], [0.0, 0.0, 0.0, 1.0]]}, "file1901_frac_11": {"unnorm2canon": [[0.8415386277018534, -0.33466752964042035, 0.4240405436866389, -0.006650345451274104], [0.4786123635586132, 0.09793381237292352, -0.8725475195328575, 0.00990196628308634], [0.25048541581201816, 0.9372334890508782, 0.2425911034374445, 0.08705196882292536], [0.0, 0.0, 0.0, 1.0]], "T_pred": [[0.3761667311191559, -0.9168630838394165, 0.13364356756210327, 0.0], [-0.37519755959510803, -0.018849322572350502, 0.9267531633377075, -0.0712747648358345], [-0.8471867442131042, -0.3987564742565155, -0.3510952591896057, 0.04054851457476616], [0.0, 0.0, 0.0, 1.0]]}, "file1901_frac_12": {"unnorm2canon": [[-0.9416611034165827, 0.018079592437225806, -0.3360766202067147, -0.001955516580366306], [-0.08173401937807069, 0.9563789371109314, 0.2804619024517791, -0.051614696962927815], [0.3264872377116289, 0.29156895751754835, -0.8991071274456457, -0.12102119647856195], [0.0, 0.0, 0.0, 1.0]], "T_pred": [[0.9987093210220337, -0.04937124252319336, -0.011918279342353344, 0.0], [0.05036890506744385, 0.9326506853103638, 0.3572472929954529, 0.07787398993968964], [-0.006522152107208967, -0.3573865592479706, 0.933933675289154, 0.09919397532939911], [0.0, 0.0, 0.0, 1.0]]}, "file1901_frac_13": {"unnorm2canon": [[0.8253765267418356, 0.06936657746573092, -0.5603051552808295, -0.010076687879206368], [0.38434907037155147, 0.6579149916428695, 0.6476292580451307, 0.02067628868345493], [0.413556986651305, -0.7498907531782568, 0.5163666111297656, 0.13476940879145483], [0.0, 0.0, 0.0, 1.0]], "T_pred": [[-0.997772753238678, -0.057831499725580215, -0.03324231132864952, 0.0], [-0.0017617859411984682, 0.5210228562355042, -0.8535408973693848, 0.09223378449678421], [0.06668155640363693, -0.8515812754631042, -0.5199642777442932, 0.10507962852716446], [0.0, 0.0, 0.0, 1.0]]}, "file1901_frac_14": {"unnorm2canon": [[-0.5514446758988015, 0.14064323665948356, -0.8222701802964824, 0.00915607740110935], [-0.17149696591325106, 0.9455188368472579, 0.2767361917956475, -0.01481731147050231], [0.8163930181630746, 0.2936215406760081, -0.4972814401781274, 0.07069868376272154], [0.0, 0.0, 0.0, 1.0]], "T_pred": [[-0.9631426930427551, 0.2650972008705139, 0.04560328274965286, 0.0], [0.26703470945358276, 0.9218873381614685, 0.28074216842651367, -0.02168310433626175], [0.032382868230342865, 0.2825724184513092, -0.9586992263793945, 0.0659249797463417], [0.0, 0.0, 0.0, 1.0]]}, "file1901_frac_15": {"unnorm2canon": [[0.8011312137933726, -0.40241293633783604, 0.4430040710353798, 0.014267528919359776], [-0.4411155351331899, -0.8972825739250365, -0.017351287981653817, 0.006486652964204468], [0.40448221586383554, -0.18151531945933225, -0.8963516753213876, -0.07342006701699631], [0.0, 0.0, 0.0, 1.0]], "T_pred": [[-0.8050198554992676, 0.5898886919021606, -0.06304235011339188, 0.0], [-0.5532521605491638, -0.7848536372184753, -0.27913570404052734, 0.02106756716966629], [-0.21413804590702057, -0.18983148038387299, 0.9581799507141113, 0.08352808654308319], [0.0, 0.0, 0.0, 1.0]]}, "file1901_frac_16": {"unnorm2canon": [[0.6398493089949439, -0.10396343989685962, -0.7614357917405145, 0.01310413006468851], [-0.7684714430468546, -0.09515695867631634, -0.6327691478232464, 0.023567560073207507], [-0.0066710569010114875, 0.990018563654382, -0.14077904893675647, 0.09477244231692676], [0.0, 0.0, 0.0, 1.0]], "T_pred": [[0.733749270439148, 0.6741148233413696, 0.08474235236644745, 0.0], [0.6186434030532837, -0.7144583463668823, 0.32684797048568726, -0.06643109768629074], [0.280877947807312, -0.18739913403987885, -0.9412699937820435, 0.057245880365371704], [0.0, 0.0, 0.0, 1.0]]}, "file1901_frac_17": {"unnorm2canon": [[0.18812881395714562, -0.9667874197972572, -0.17300183317190682, 0.09025528357588271], [-0.7199117078954523, -0.015921911535021593, -0.6938830056775592, 0.00018906498652572], [0.6680828408170136, 0.2550854320709697, -0.6989969528910951, 0.08088575699205698], [0.0, 0.0, 0.0, 1.0]], "T_pred": [[-0.1135878935456276, -0.9933856129646301, 0.0168151818215847, 0.0], [-0.9468409419059753, 0.11336196213960648, 0.3010670840740204, 0.06577644497156143], [-0.30098193883895874, 0.018276272341609, -0.9534547328948975, 0.09948842227458954], [0.0, 0.0, 0.0, 1.0]]}, "file1901_frac_18": {"unnorm2canon": [[-0.4142917893905915, 0.9100848943774655, -0.010382594545607627, -0.049731318310691636], [-0.4749662813333869, -0.20645646766877435, 0.8554430188820675, 0.011189821733192022], [0.776382215690104, 0.35933440133626116, 0.5177928574019107, 0.07156252281688381], [0.0, 0.0, 0.0, 1.0]], "T_pred": [[0.2612910270690918, 0.9652529358863831, 0.0037057027220726013, 0.0], [0.9223932027816772, -0.2508167028427124, 0.2937376797199249, 0.018040914088487625], [0.2844606339931488, -0.07333290576934814, -0.9558789134025574, 0.082880899310112], [0.0, 0.0, 0.0, 1.0]]}, "file1901_frac_20": {"unnorm2canon": [[-0.9146871968331843, 0.08498631199050047, 0.3951261301454325, -0.004074259190243011], [0.361219619751197, -0.26663728795839364, 0.8935462735510642, 0.01770912244378933], [0.18129456212543332, 0.9600426466800552, 0.21319099019260068, 0.1012800133730197], [0.0, 0.0, 0.0, 1.0]], "T_pred": [[0.9931875467300415, 0.11349721252918243, 0.026398226618766785, 0.0], [0.057831570506095886, -0.676771879196167, 0.7339178323745728, -0.0061704376712441444], [0.10116320848464966, -0.7273913621902466, -0.6787251234054565, 0.07717731595039368], [0.0, 0.0, 0.0, 1.0]]}, "file1901_frac_21": {"unnorm2canon": [[0.00485388562065472, -0.8856093510246946, 0.46440555247757426, -0.035756676642440303], [0.9337394754286451, 0.17023806025263044, 0.31488028656564315, 0.000830629654263221], [-0.35792042666020235, 0.43210540406137155, 0.8277547269332486, 0.07630742954468625], [0.0, 0.0, 0.0, 1.0]], "T_pred": [[0.21780012547969818, -0.9730274677276611, 0.07603048533201218, 0.0], [-0.9034220576286316, -0.1715153157711029, 0.39295172691345215, -0.06232782453298569], [-0.36931243538856506, -0.15427255630493164, -0.9164105653762817, 0.05339893698692322], [0.0, 0.0, 0.0, 1.0]]}, "file1901_frac_22": {"unnorm2canon": [[-0.5088992558617274, 0.6846109332826542, 0.5218519113821786, 0.011363543910522824], [0.838578449064737, 0.5311978246223622, 0.12089274535988533, 0.014673192098946347], [-0.19444210487330169, 0.49913599464106295, -0.844426152310619, 0.07369796115443326], [0.0, 0.0, 0.0, 1.0]], "T_pred": [[-0.5510337352752686, 0.8343971967697144, 0.011968210339546204, 0.0], [0.7015789151191711, 0.4554600417613983, 0.5480358600616455, -0.04356488212943077], [0.4518285095691681, 0.31038281321525574, -0.8363692760467529, 0.0593419149518013], [0.0, 0.0, 0.0, 1.0]]}, "file1901_frac_23": {"unnorm2canon": [[0.8786401789069401, -0.1799059146576778, 0.4422954870689558, 0.00772218808878659], [-0.30522942673545894, -0.9239541602228561, 0.23052918874107897, -0.006599316721223521], [0.3671871907694001, -0.33755380560447107, -0.8667358278373032, -0.07003674844971879], [0.0, 0.0, 0.0, 1.0]], "T_pred": [[-0.8346148133277893, 0.5472313761711121, -0.06289584934711456, 0.0], [-0.4933736026287079, -0.7934385538101196, -0.3564235270023346, -0.04422249272465706], [-0.24495013058185577, -0.26644521951675415, 0.932205080986023, 0.06147359684109688], [0.0, 0.0, 0.0, 1.0]]}, "file1901_frac_24": {"unnorm2canon": [[0.37203178761102035, 0.9133672608957125, 0.16538620175459315, 0.03207313764439395], [0.5875159539239632, -0.09376679864388397, -0.803761650837418, -0.0034721917179469323], [-0.7186218427599896, 0.39619191586394076, -0.5715020672861096, 0.07773416713470724], [0.0, 0.0, 0.0, 1.0]], "T_pred": [[0.0031779296696186066, 0.9861218929290771, -0.1659923791885376, 0.0], [0.9201502203941345, 0.06211178004741669, 0.386607825756073, -0.05659183859825134], [0.39155253767967224, -0.15396656095981598, -0.9071828722953796, 0.057471126317977905], [0.0, 0.0, 0.0, 1.0]]}, "file1901_frac_25": {"unnorm2canon": [[-0.24750121188471758, 0.9214142748624081, 0.2995644908786404, 0.04519221171047632], [0.8326036260087195, 0.044148169567448055, 0.5521070014779524, 0.009424153073149385], [0.49549404847356915, 0.38606563328484267, -0.7780995917770716, 0.07173569216058805], [0.0, 0.0, 0.0, 1.0]], "T_pred": [[-0.10553918778896332, 0.9916349649429321, -0.07430671900510788, 0.0], [0.9330499768257141, 0.12459275871515274, 0.3374823033809662, -0.0679529681801796], [0.3439173698425293, -0.03371427580714226, -0.9383944272994995, 0.04682837426662445], [0.0, 0.0, 0.0, 1.0]]}, "file1901_frac_26": {"unnorm2canon": [[0.9422154865311468, 0.08772891792390625, -0.32331658463613505, 0.004708863987727117], [0.18714746151149875, -0.9383059226229185, 0.29078827902884247, 0.06714846283479266], [-0.2778593251821443, -0.334493097881936, -0.9005046156898192, -0.07197843858222312], [0.0, 0.0, 0.0, 1.0]], "T_pred": [[-0.9988316297531128, -0.03838362544775009, -0.029360806569457054, 0.0], [0.04633014276623726, -0.9333701729774475, -0.355912446975708, 0.03371020779013634], [-0.01374328788369894, -0.35685691237449646, 0.9340579509735107, 0.08736319839954376], [0.0, 0.0, 0.0, 1.0]]}, "file1901_frac_27": {"unnorm2canon": [[0.10003024665093159, -0.9666166194568907, -0.23589459668395593, 0.022133406152187115], [0.9943764645424942, 0.10540540578864324, -0.01025413060678928, 0.00368055867701948], [0.0347763787494248, -0.2335423118414817, 0.9717245453629401, -0.07569275779631449], [0.0, 0.0, 0.0, 1.0]], "T_pred": [[0.18156248331069946, 0.9829904437065125, 0.027654433622956276, 0.0], [-0.932178795337677, 0.1809970587491989, -0.31350070238113403, 0.014138924889266491], [-0.3131735920906067, 0.031141091138124466, 0.9491851329803467, 0.08119110763072968], [0.0, 0.0, 0.0, 1.0]]}, "file1901_frac_28": {"unnorm2canon": [[0.8497690396680736, -0.06263474307904493, -0.5234209282986503, 0.016492881541551284], [-0.19994511246574415, -0.9570187643859934, -0.21008816390783633, 0.08878999473922689], [-0.4877648318838288, 0.28318187366518904, -0.8257684271058154, 0.07239008487851001], [0.0, 0.0, 0.0, 1.0]], "T_pred": [[0.9979210495948792, -0.03380754962563515, -0.05486927181482315, 0.0], [-0.01795334555208683, -0.9634928107261658, 0.2671315371990204, 0.06631156802177429], [-0.061897214502096176, -0.2655910849571228, -0.9620966911315918, 0.09594686329364777], [0.0, 0.0, 0.0, 1.0]]}, "file1901_frac_29": {"unnorm2canon": [[0.9671498401595896, 0.01713182387557958, 0.2536290347928971, 0.008125491594529046], [0.02838511635463762, -0.9987650362718357, -0.04077606516638645, 0.08422486861811046], [0.2526172437677487, 0.04663585457151842, -0.9664417340013673, 0.09906145960422144], [0.0, 0.0, 0.0, 1.0]], "T_pred": [[0.9985370635986328, -0.0372537262737751, -0.03918951749801636, 0.0], [-0.033389072865247726, -0.9949145913124084, 0.09502662718296051, 0.07902927696704865], [-0.04253032058477402, -0.09357911348342896, -0.9947029948234558, 0.10239594429731369], [0.0, 0.0, 0.0, 1.0]]}, "file1901_frac_30": {"unnorm2canon": [[0.26670701521043605, -0.9209526642887657, -0.2841013167462714, 0.04664006464119018], [-0.3122587455823227, 0.1963062404016577, -0.9294935910412302, -0.011783736263371545], [0.9117904604923736, 0.3366155821093127, -0.23521927224679895, 0.07366426074541688], [0.0, 0.0, 0.0, 1.0]], "T_pred": [[-0.42984914779663086, -0.9028993248939514, 0.001568332314491272, 0.0], [-0.8650701642036438, 0.4123358726501465, 0.2857142984867096, 0.02011614851653576], [-0.25861793756484985, 0.12145734578371048, -0.9583134651184082, 0.08417083323001862], [0.0, 0.0, 0.0, 1.0]]}, "file1901_frac_32": {"unnorm2canon": [[-0.9050917112655226, 0.16033226922123783, -0.39383062050178, -0.008946169697118806], [0.346834421732, 0.8141876671387558, -0.46562251511388497, 0.0388336040525734], [0.24599771970544332, -0.5580250945302723, -0.792523258822227, -0.07853390141505309], [0.0, 0.0, 0.0, 1.0]], "T_pred": [[0.9715530872344971, -0.07599282264709473, -0.22429826855659485, 0.0], [0.0024301111698150635, 0.9502670168876648, -0.3114267587661743, -0.08159981667995453], [0.23680944740772247, 0.3020225763320923, 0.9234195351600647, 0.04298487305641174], [0.0, 0.0, 0.0, 1.0]]}, "file1901_frac_33": {"unnorm2canon": [[0.037405677956617894, -0.7565149493241636, 0.6529057716896555, 0.06599764907615008], [0.3796127265868739, -0.593627233182228, -0.7095779631849427, 0.052112424111528784], [0.9243889836372379, 0.27439358497142563, 0.26497767350598384, 0.07671824426481223], [0.0, 0.0, 0.0, 1.0]], "T_pred": [[0.7204794883728027, -0.6934502124786377, 0.006008565425872803, 0.0], [-0.664880096912384, -0.6882815957069397, 0.2901773452758789, 0.057676538825035095], [-0.19708794355392456, -0.2130618393421173, -0.9569540023803711, 0.0961647629737854], [0.0, 0.0, 0.0, 1.0]]}, "file1901_frac_34": {"unnorm2canon": [[-0.09127781145390233, -0.7582957321683402, -0.6454889183490816, 0.061323092423589236], [-0.15470999969277008, 0.6511228526370081, -0.7430369080798805, -0.05866272341272899], [0.9837343021015631, 0.03204080756046686, -0.17674900146712072, 0.10216922028190796], [0.0, 0.0, 0.0, 1.0]], "T_pred": [[-0.6110621690750122, -0.7914586067199707, -0.014010254293680191, 0.0], [-0.7852310538291931, 0.6038265228271484, 0.13713376224040985, 0.08262570947408676], [-0.10007593780755997, 0.09479854255914688, -0.9904534816741943, 0.10243219137191772], [0.0, 0.0, 0.0, 1.0]]}, "file1901_frac_35": {"unnorm2canon": [[0.28100212598870467, -0.9193878980797986, -0.2752520627610948, -0.031298349555145995], [-0.11801740470802612, 0.25152781054543355, -0.9606277388813023, 0.008994155921243203], [0.9524230663816423, 0.30242297099696314, -0.0378239241427941, 0.07262357062309302], [0.0, 0.0, 0.0, 1.0]], "T_pred": [[-0.36957111954689026, -0.9240503311157227, -0.09771516174077988, 0.0], [-0.8952840566635132, 0.3259531259536743, 0.30367910861968994, -0.04920021444559097], [-0.24876418709754944, 0.19971385598182678, -0.947750449180603, 0.061155516654253006], [0.0, 0.0, 0.0, 1.0]]}, "file1901_frac_36": {"unnorm2canon": [[-0.652105282599914, -0.0380539266194902, 0.7571727669918701, 0.011649999351203942], [0.1865238069887684, -0.9760930784471773, 0.11158481811576916, 0.001320507781721858], [0.7348248565690348, 0.21399579639878683, 0.6436134160285553, 0.07012902839806598], [0.0, 0.0, 0.0, 1.0]], "T_pred": [[0.9994164705276489, -0.0011218892177566886, -0.03413918986916542, 0.0], [0.009431409649550915, -0.9515426754951477, 0.30737197399139404, -0.03923864662647247], [-0.032829735428094864, -0.30751457810401917, -0.9509767889976501, 0.05955735966563225], [0.0, 0.0, 0.0, 1.0]]}, "file1901_frac_37": {"unnorm2canon": [[0.16709493292938715, 0.9573946983737602, 0.2355306241556314, -0.07758916769898214], [0.6337030363809102, 0.0787204357461749, -0.769560624432895, -0.011237449566796013], [-0.7553143352743533, 0.2778461526128262, -0.593550141443258, 0.07417069771723776], [0.0, 0.0, 0.0, 1.0]], "T_pred": [[0.017066776752471924, 0.9992647767066956, 0.034333083778619766, 0.0], [0.9599136710166931, -0.025983724743127823, 0.2790890038013458, 0.05531581491231918], [0.2797758877277374, 0.028193645179271698, -0.9596513509750366, 0.0946049690246582], [0.0, 0.0, 0.0, 1.0]]}, "file1901_frac_38": {"unnorm2canon": [[0.06659635414196194, -0.9439996744672278, -0.32315559753896594, 0.03503007969327657], [-0.8604547704786961, -0.2183063267241396, 0.46039106819384307, -0.002475721358412728], [-0.5051559299616833, 0.2474004088880635, -0.8268074286716138, 0.07466699710127317], [0.0, 0.0, 0.0, 1.0]], "T_pred": [[0.1597960740327835, -0.9116053581237793, -0.3787359595298767, 0.0], [-0.9330378770828247, -0.264760285615921, 0.2436027079820633, 0.008514431305229664], [-0.32234376668930054, 0.3144482374191284, -0.8928700089454651, 0.08051934093236923], [0.0, 0.0, 0.0, 1.0]]}, "file1901_frac_39": {"unnorm2canon": [[0.3716025585432321, -0.9077004572943708, -0.19491387408728472, 0.04416475139666819], [0.40777858537312667, -0.029030046486525126, 0.912619242462092, 0.039810558330839955], [-0.8340432625441052, -0.41861334931960836, 0.35935316886901675, -0.06264565786176979], [0.0, 0.0, 0.0, 1.0]], "T_pred": [[0.9824825525283813, 0.18085652589797974, 0.044932954013347626, 0.0], [0.12726926803588867, -0.8273099064826965, 0.5471388101577759, 0.0004491051658987999], [0.13612709939479828, -0.5318357348442078, -0.8358350396156311, 0.07818067818880081], [0.0, 0.0, 0.0, 1.0]]}, "file1901_frac_40": {"unnorm2canon": [[-0.032121661799072034, 0.9134239136040403, 0.40574000653071546, -0.08125075120212669], [0.5760695242901488, -0.3148185347218508, 0.7543428884663186, 0.03959989425063151], [0.8167693077163145, 0.2579651996914813, -0.5160831848847106, 0.08154925181367578], [0.0, 0.0, 0.0, 1.0]], "T_pred": [[0.4753437340259552, 0.8783066868782043, -0.05124247074127197, 0.0], [0.8576042652130127, -0.4495649039745331, 0.24981269240379333, 0.06370231509208679], [0.19637531042099, -0.16269266605377197, -0.9669374227523804, 0.09770947694778442], [0.0, 0.0, 0.0, 1.0]]}, "file1901_frac_41": {"unnorm2canon": [[0.29305613691310206, -0.15205587972075185, 0.9439264325464759, 0.0016232059300909693], [0.2810029808644294, 0.9573667474581966, 0.06697936702163701, -0.029827237914909602], [-0.9138683851424526, 0.24561742671004075, 0.3232903560786551, 0.07512713045482633], [0.0, 0.0, 0.0, 1.0]], "T_pred": [[-0.9598577618598938, -0.2799689769744873, 0.01704460382461548, 0.0], [-0.26355400681495667, 0.9210376739501953, 0.2867557406425476, 0.0090933321043849], [-0.09598143398761749, 0.27075251936912537, -0.9578521251678467, 0.078802190721035], [0.0, 0.0, 0.0, 1.0]]}, "file1901_frac_43": {"unnorm2canon": [[-0.037956393429597265, 0.005442771732263878, 0.9992645737909894, 0.005729581898863447], [-0.9923655140705877, -0.11763382302314533, -0.03705361202874371, 0.030584416733358773], [0.11734563767449949, -0.993042123938773, 0.009866174635351036, -0.09740736118085014], [0.0, 0.0, 0.0, 1.0]], "T_pred": [[0.7193562984466553, 0.6925911903381348, 0.05332888662815094, 0.0], [-0.6377967000007629, 0.6889563798904419, -0.3443170189857483, 0.052304841578006744], [-0.27521222829818726, 0.21367360651493073, 0.9373375177383423, 0.09573983401060104], [0.0, 0.0, 0.0, 1.0]]}, "file1901_frac_44": {"unnorm2canon": [[-0.7431655614596556, -0.580970697063757, -0.3319307117661852, 0.0482601683362383], [0.6356862191139615, -0.7678667585208904, -0.07926961578824294, 0.06176718226401453], [-0.20882523575696116, -0.2699142276944135, 0.9399671965548466, -0.07554807393969973], [0.0, 0.0, 0.0, 1.0]], "T_pred": [[-0.7702234983444214, 0.6351895332336426, -0.05735866725444794, 0.0], [-0.5956363081932068, -0.7485678791999817, -0.29131340980529785, 0.06268282234668732], [-0.22797606885433197, -0.19021153450012207, 0.9549064636230469, 0.09582996368408203], [0.0, 0.0, 0.0, 1.0]]}}