{"file1904_frac_1": {"unnorm2canon": [[0.7367180098623073, -0.6134884306358237, -0.2843914897118309, -0.008822392056692675], [-0.6696418016111307, -0.7203443172564404, -0.18078695232607733, -0.02240034041966242], [-0.09394908982805206, 0.3236294332602437, -0.941508129783346, 0.07066450755005668], [0.0, 0.0, 0.0, 1.0]], "T_pred": [[0.8006066679954529, -0.5989961624145508, 0.015243709087371826, 0.0], [-0.5248010754585266, -0.688707709312439, 0.5002653002738953, -0.05024784058332443], [-0.2891586422920227, -0.40851572155952454, -0.865737795829773, 0.04693537950515747], [0.0, 0.0, 0.0, 1.0]]}, "file1904_frac_2": {"unnorm2canon": [[0.39632463078711627, 0.9180109799153128, -0.013513984844752098, 0.002158189957984589], [0.6595122581623099, -0.29490379915144593, -0.6914299173305238, -0.010380557117046591], [-0.6387255814237499, 0.2651180680394521, -0.7223171336981568, 0.07192996955550095], [0.0, 0.0, 0.0, 1.0]], "T_pred": [[0.3830224573612213, 0.9228836297988892, 0.03974314406514168, 0.0], [0.8874093890190125, -0.3795652389526367, 0.2616003751754761, -0.02257601171731949], [0.2565118372440338, -0.06493038684129715, -0.9643576145172119, 0.0697077289223671], [0.0, 0.0, 0.0, 1.0]]}, "file1904_frac_3": {"unnorm2canon": [[0.9067535915888302, -0.01182480557986975, -0.4214950748392614, -0.0032330491332003214], [-0.06696916969597765, -0.9909574842680553, -0.116268631553647, 0.08811197838791758], [-0.4163088450309311, 0.13365417444331718, -0.8993461553833916, 0.09011776248475198], [0.0, 0.0, 0.0, 1.0]], "T_pred": [[0.999897301197052, 0.013398065231740475, -0.005086435005068779, 0.0], [0.014090982265770435, -0.983834445476532, 0.17852529883384705, 0.07748883217573166], [-0.002612315583974123, -0.17857864499092102, -0.9839221835136414, 0.10183340311050415], [0.0, 0.0, 0.0, 1.0]]}, "file1904_frac_4": {"unnorm2canon": [[-0.17947524611927707, 0.5587876031117434, 0.8096573661982323, -0.022036277252976206], [0.28450781162909017, -0.7583689325267257, 0.5864570464239479, 0.025557701386918832], [0.9417239198153833, 0.33560836817175416, -0.022870987312339414, 0.0776764733471764], [0.0, 0.0, 0.0, 1.0]], "T_pred": [[-0.030480096116662025, 0.9870908260345459, 0.15723435580730438, 0.0], [0.9135770797729492, -0.03630921617150307, 0.40504133701324463, -0.04002869874238968], [0.4055216610431671, 0.15599140524864197, -0.9006768465042114, 0.06414878368377686], [0.0, 0.0, 0.0, 1.0]]}, "file1904_frac_5": {"unnorm2canon": [[0.8690809656409968, -0.22895634994566175, -0.43849431578992226, 0.011878697257959108], [0.04563577059431503, 0.9197677081881428, -0.3898008971469858, -0.03491075258328445], [0.4925603025039426, 0.3187575140979294, 0.8098012074597896, 0.0724622035173643], [0.0, 0.0, 0.0, 1.0]], "T_pred": [[-0.9137343764305115, -0.40341073274612427, 0.04846896231174469, 0.0], [-0.3726421594619751, 0.8795788884162903, 0.29576820135116577, 0.01423201709985733], [-0.1619483381509781, 0.25219202041625977, -0.9540293216705322, 0.08096582442522049], [0.0, 0.0, 0.0, 1.0]]}, "file1904_frac_6": {"unnorm2canon": [[0.5759212487513221, 0.09683665679596436, 0.8117495778485502, -0.004362872415994751], [0.09995474247971381, 0.9771683605963242, -0.18748611816693753, -0.08865670880468096], [-0.8113715330799649, 0.18911545931010854, 0.5530927393822797, 0.08232626549598959], [0.0, 0.0, 0.0, 1.0]], "T_pred": [[-0.998163640499115, 0.04855669289827347, 0.03621470183134079, 0.0], [0.055131956934928894, 0.9759175777435303, 0.2110576033592224, 0.07181267440319061], [-0.025094306096434593, 0.21266663074493408, -0.9768024682998657, 0.09886611998081207], [0.0, 0.0, 0.0, 1.0]]}, "file1904_frac_7": {"unnorm2canon": [[-0.8261149908868008, 0.3665221213624558, -0.4280135002357579, -0.015008832221779013], [-0.44880877492163423, -0.8872638848981329, 0.10645882823332962, 0.037647327293074254], [-0.3407414054461854, 0.28004344860652797, 0.8974803404571717, 0.07096919300136437], [0.0, 0.0, 0.0, 1.0]], "T_pred": [[0.9736436605453491, 0.2240752875804901, -0.042524587363004684, 0.0], [0.2237602323293686, -0.9023804068565369, 0.36829468607902527, 0.03133774921298027], [0.044152382761240005, -0.3681030869483948, -0.9287360906600952, 0.08568182587623596], [0.0, 0.0, 0.0, 1.0]]}, "file1904_frac_9": {"unnorm2canon": [[-0.11399142291548231, -0.899864882611913, 0.4210096774939394, -0.023911952801869682], [-0.6187962073389122, -0.26722237559067036, -0.738703902633969, -0.0028544121057577374], [0.7772369067952715, -0.3447251006606948, -0.5263719176492915, -0.07433633081319632], [0.0, 0.0, 0.0, 1.0]], "T_pred": [[-0.3742578625679016, 0.9248127341270447, -0.06820956617593765, 0.0], [-0.8628544211387634, -0.37424203753471375, -0.3397427201271057, -0.04549633711576462], [-0.33972522616386414, -0.06829645484685898, 0.9380418062210083, 0.059990961104631424], [0.0, 0.0, 0.0, 1.0]]}, "file1904_frac_12": {"unnorm2canon": [[0.8890727790601717, 0.012342704339039454, 0.4575994440379297, -0.006510797107077778], [0.45647409073679157, 0.05114090661696163, -0.8882657328504886, 0.029373596885811086], [-0.0343656517505913, 0.998615173788179, 0.039833863229203056, 0.08694846154098325], [0.0, 0.0, 0.0, 1.0]], "T_pred": [[0.9067102670669556, 0.41680437326431274, 0.06442540884017944, 0.0], [-0.038363873958587646, -0.07061374932527542, 0.9967657327651978, -0.092768594622612], [0.4200056493282318, -0.9062492847442627, -0.04803598299622536, 0.020515531301498413], [0.0, 0.0, 0.0, 1.0]]}, "file1904_frac_13": {"unnorm2canon": [[-0.8012867401838062, 0.5960887139270487, -0.051164490952280005, 0.025296331491043947], [0.5203214816195351, 0.7365333940763228, 0.43218527875861784, 0.03796829690271648], [0.29530512317069774, 0.3196823494333229, -0.900332205183137, 0.0686126856321696], [0.0, 0.0, 0.0, 1.0]], "T_pred": [[-0.5660207271575928, 0.8127850294113159, -0.13784444332122803, 0.0], [0.7557151317596436, 0.5783776640892029, 0.3072034418582916, -0.06374268978834152], [0.3294164836406708, 0.06971237808465958, -0.9416077136993408, 0.04891625791788101], [0.0, 0.0, 0.0, 1.0]]}, "file1904_frac_14": {"unnorm2canon": [[-0.9451401725220069, 0.17950828030573088, -0.27292275754643497, -0.020283593800029795], [0.025034534284437356, 0.872827798749557, 0.4873857874652923, -0.08050860660214916], [0.3257043542512631, 0.45381539311892133, -0.8294385224898141, 0.06184882657303253], [0.0, 0.0, 0.0, 1.0]], "T_pred": [[-0.990993857383728, 0.13006320595741272, 0.03185494244098663, 0.0], [0.12979821860790253, 0.8745286464691162, 0.4672815799713135, 0.058278847485780716], [0.03291808441281319, 0.4672078788280487, -0.8835344314575195, 0.09590944647789001], [0.0, 0.0, 0.0, 1.0]]}, "file1904_frac_15": {"unnorm2canon": [[0.2779914206609107, 0.9563295330143915, -0.09030279244522069, 0.011865510681088026], [-0.11287333861709961, 0.12587771352158514, 0.9856035768340168, 0.004499738502402319], [0.9539289174086075, -0.2637965608628246, 0.14293703162087862, -0.07586516618898834], [0.0, 0.0, 0.0, 1.0]], "T_pred": [[0.051138997077941895, -0.9963175654411316, -0.06881984323263168, 0.0], [0.9301522374153137, 0.07260433584451675, -0.35992416739463806, -0.03561822324991226], [0.3635953664779663, -0.04560677334666252, 0.9304398894309998, 0.0641663670539856], [0.0, 0.0, 0.0, 1.0]]}, "file1904_frac_17": {"unnorm2canon": [[-0.23671313452565854, -0.015277180339267402, 0.9714594688940544, 0.001771091931750569], [-0.07968066520072856, -0.9962029174689594, -0.03508188734238216, 0.07468727362459535], [0.9683067094346742, -0.08571088021491616, 0.23459701932585922, 0.11187096242083386], [0.0, 0.0, 0.0, 1.0]], "T_pred": [[0.9999659061431885, 0.0006897994899190962, -0.00822427123785019, 0.0], [-0.0008739669574424624, -0.9820476770401001, -0.1886310577392578, 0.08477450907230377], [-0.008206742815673351, 0.1886318325996399, -0.9820135831832886, 0.1026511937379837], [0.0, 0.0, 0.0, 1.0]]}, "file1904_frac_18": {"unnorm2canon": [[-0.1819360622608929, -0.9584446713157738, 0.21973411495577627, 0.04035507741967147], [-0.6815739220937113, -0.03815419357088443, -0.7307538889631383, 0.005830637545180002], [0.7087709488761487, -0.2827155275879859, -0.6463092700014837, -0.07269948580703813], [0.0, 0.0, 0.0, 1.0]], "T_pred": [[0.04057901352643967, 0.9991333484649658, -0.009268115274608135, 0.0], [-0.9234632849693298, 0.03396056592464447, -0.3821808397769928, 0.01973786950111389], [-0.3815348744392395, 0.024067286401987076, 0.9240410327911377, 0.08287841826677322], [0.0, 0.0, 0.0, 1.0]]}, "file1904_frac_19": {"unnorm2canon": [[0.19296552169755055, 0.037430670236536276, 0.9804913321195837, -0.003846673477608333], [-0.36882032009509086, -0.923224907111309, 0.10783015521768247, 0.03620207883759849], [0.9092501740010536, -0.3824326291191156, -0.16434538406689306, 0.13102207318134715], [0.0, 0.0, 0.0, 1.0]], "T_pred": [[0.9998503923416138, -0.00849370937794447, 0.015067190863192081, 0.0], [-0.0036883207503706217, -0.9557852745056152, -0.2940423786640167, 0.059760577976703644], [0.016898509114980698, 0.2939428389072418, -0.9556736350059509, 0.09550239890813828], [0.0, 0.0, 0.0, 1.0]]}, "file1904_frac_20": {"unnorm2canon": [[0.9981117215279556, -0.013680377402742082, -0.05988187223708656, 0.007949945120107525], [0.0563017118923314, 0.5935262483082884, 0.8028428923563318, 0.03137694450015695], [0.024558269208010585, -0.8046983533245275, 0.5931757341381223, 0.13417534152256638], [0.0, 0.0, 0.0, 1.0]], "T_pred": [[-0.9997015595436096, 0.022894419729709625, 0.008518444374203682, 0.0], [0.011941029690206051, 0.7622227072715759, -0.6472047567367554, 0.08943865448236465], [-0.02131032757461071, -0.6469099521636963, -0.7622686624526978, 0.10560213774442673], [0.0, 0.0, 0.0, 1.0]]}, "file1904_frac_21": {"unnorm2canon": [[-0.7875702494309336, -0.5638027867538705, -0.24871574107777547, -0.0017204773568613525], [-0.5328591361119817, 0.8258085975980826, -0.18466537627579277, -0.009650423133516262], [0.3095064511012495, -0.012906501526628564, -0.9508097490797264, 0.07812772417153396], [0.0, 0.0, 0.0, 1.0]], "T_pred": [[0.23331761360168457, 0.9583072066307068, -0.1649549901485443, 0.0], [0.7073491215705872, -0.050858862698078156, 0.7050322890281677, 0.003226708620786667], [0.6672481298446655, -0.28117722272872925, -0.6897240281105042, 0.07703296840190887], [0.0, 0.0, 0.0, 1.0]]}, "file1904_frac_22": {"unnorm2canon": [[7.584967170771012e-05, -0.038983894686001726, 0.99923983617645, 0.02714085829778322], [0.9999008585145731, 0.014072998346013717, 0.0004731377958145468, 0.0049216302973850755], [-0.014080745315786413, 0.999140734167446, 0.03898109719707922, 0.08699220728488098], [0.0, 0.0, 0.0, 1.0]], "T_pred": [[0.4433648884296417, -0.8693360686302185, -0.2183632105588913, 0.0], [0.06690604239702225, -0.21083930134773254, 0.975228488445282, -0.07540523260831833], [-0.8938407301902771, -0.44699183106422424, -0.03531491011381149, 0.04393104836344719], [0.0, 0.0, 0.0, 1.0]]}, "file1904_frac_24": {"unnorm2canon": [[-0.5152285138146407, 0.8344721632636569, 0.19543742551115972, 0.023046070520254452], [-0.3767847747660918, -0.42535704825786247, 0.822863667323952, -0.00700823089975341], [0.7697875109774273, 0.3503249780352977, 0.5335724858983512, 0.07697284283230431], [0.0, 0.0, 0.0, 1.0]], "T_pred": [[0.5818386077880859, 0.8132948279380798, 0.003920689225196838, 0.0], [0.77643883228302, -0.556893527507782, 0.2949785590171814, -0.05645463615655899], [0.2420879453420639, -0.16858574748039246, -0.9554958343505859, 0.05900654196739197], [0.0, 0.0, 0.0, 1.0]]}, "file1904_frac_25": {"unnorm2canon": [[-0.24154249459330107, -0.9677663370286972, 0.07131297371238793, 0.026780409892847332], [0.28076131789624953, 0.000649734818215829, 0.9597774013894198, -0.0012564791524333975], [-0.9288865946275713, 0.2518489522684669, 0.271554413630987, 0.07954806678757997], [0.0, 0.0, 0.0, 1.0]], "T_pred": [[0.1965426653623581, -0.9773164987564087, 0.07888898998498917, 0.0], [-0.9407485723495483, -0.16528794169425964, 0.29609453678131104, 0.009719109162688255], [-0.276338666677475, -0.13240991532802582, -0.9518952369689941, 0.08092419058084488], [0.0, 0.0, 0.0, 1.0]]}, "file1904_frac_26": {"unnorm2canon": [[-0.6066426719073962, 0.759790095235049, -0.23388817799061667, -0.018405064417971732], [0.3848811078189535, 0.5381318296923999, 0.7498537635539121, -0.015728863402073013], [0.6955941355884985, 0.3648741496113766, -0.618882584566947, 0.07219536033109582], [0.0, 0.0, 0.0, 1.0]], "T_pred": [[0.28383299708366394, 0.957582414150238, 0.049747828394174576, 0.0], [0.9181367754936218, -0.28637024760246277, 0.2738920748233795, -0.05342753976583481], [0.2765204906463623, -0.03206430375576019, -0.9604729413986206, 0.05280250310897827], [0.0, 0.0, 0.0, 1.0]]}, "file1904_frac_28": {"unnorm2canon": [[0.1829817299912106, -0.8434061246869051, 0.5051571986323081, 0.05390994706636546], [0.39403948789005555, -0.4078363187167068, -0.8236518798126722, 0.028542258745156566], [0.9006944923073344, 0.3497651297316846, 0.2577087223029343, 0.07093545339326232], [0.0, 0.0, 0.0, 1.0]], "T_pred": [[0.5472437143325806, -0.8368260860443115, 0.015696510672569275, 0.0], [-0.7975461483001709, -0.5156849026679993, 0.3130320608615875, 0.031180772930383682], [-0.2538589537143707, -0.18382352590560913, -0.9496127367019653, 0.08656582236289978], [0.0, 0.0, 0.0, 1.0]]}, "file1904_frac_29": {"unnorm2canon": [[0.718294931912511, 0.020480414416551802, -0.6954372318291042, -0.020656937142912103], [-0.6949118465346246, -0.027599767099964923, -0.7185650829269852, 0.035311503726235656], [-0.033910416314736326, 0.9994092282350376, -0.005592690229870189, 0.08527581667952032], [0.0, 0.0, 0.0, 1.0]], "T_pred": [[0.8996181488037109, 0.43638530373573303, -0.01596802845597267, 0.0], [0.02150297351181507, -0.007746844552457333, 0.9997386932373047, -0.07354474812746048], [0.4361475706100464, -0.8997265696525574, -0.016352783888578415, 0.04231968894600868], [0.0, 0.0, 0.0, 1.0]]}, "file1904_frac_30": {"unnorm2canon": [[0.6125058242374, -0.5774911661999055, -0.5397597319514823, -0.022948298555641962], [-0.3783181664516942, 0.3853892991669937, -0.841635582078254, 0.007180053657635507], [0.6940547386250538, 0.7197076080247077, 0.017577791199754753, 0.08459597778850986], [0.0, 0.0, 0.0, 1.0]], "T_pred": [[-0.7478087544441223, -0.6589680314064026, -0.0808899849653244, 0.0], [-0.49707433581352234, 0.47494813799858093, 0.726182758808136, -0.07488632947206497], [-0.4401126801967621, 0.5832541584968567, -0.6827265024185181, 0.04539503902196884], [0.0, 0.0, 0.0, 1.0]]}, "file1904_frac_31": {"unnorm2canon": [[0.7633405675358735, -0.46421740052167004, 0.4492364444331224, 0.007042160504683934], [0.5573901126719989, 0.8248222486143726, -0.09478671049375287, -0.00031782150796114643], [-0.32653857390744373, 0.32275449376210613, 0.8883704725545868, 0.07163245043780406], [0.0, 0.0, 0.0, 1.0]], "T_pred": [[-0.7799772024154663, -0.6253703236579895, 0.023400872945785522, 0.0], [-0.5896868109703064, 0.746963620185852, 0.30710718035697937, -0.019716456532478333], [-0.20953530073165894, 0.22573739290237427, -0.9513872265815735, 0.07055399566888809], [0.0, 0.0, 0.0, 1.0]]}, "file1904_frac_32": {"unnorm2canon": [[0.8527934094029739, -0.12200347053366603, -0.507797749164559, 0.005342387490031571], [-0.29359367235725903, -0.9161338438973944, -0.27294969429835014, 0.06260069032122201], [-0.4319098938790705, 0.3818559063881627, -0.8170923511610205, 0.06497284722687566], [0.0, 0.0, 0.0, 1.0]], "T_pred": [[0.9871495962142944, -0.15593396127223969, -0.034930501133203506, 0.0], [-0.13573125004768372, -0.9335629343986511, 0.331718772649765, 0.029722686856985092], [-0.0843360424041748, -0.3227149546146393, -0.9427313804626465, 0.08528559654951096], [0.0, 0.0, 0.0, 1.0]]}, "file1904_frac_33": {"unnorm2canon": [[-0.752295928562756, 0.0641873349965839, 0.6556911024971571, 0.006113047918476119], [0.28047709132281173, -0.8693459768307528, 0.40690315040716946, -0.0039843991995058515], [0.5961404508259748, 0.4900179166053223, 0.6360023618625824, 0.07081285099376174], [0.0, 0.0, 0.0, 1.0]], "T_pred": [[0.9738193154335022, 0.15783195197582245, -0.163600355386734, 0.0], [0.20584824681282043, -0.9176019430160522, 0.3400487005710602, -0.04865219444036484], [-0.09644944965839386, -0.3648228347301483, -0.9260678887367249, 0.045621201395988464], [0.0, 0.0, 0.0, 1.0]]}, "file1904_frac_34": {"unnorm2canon": [[0.7685524832203285, 0.2221190645448402, -0.5999918346957666, 0.009291592501684137], [-0.359732286019595, 0.9255441858033195, -0.1181551629036466, 0.06352902147650534], [0.5290744398768319, 0.30664487814309876, 0.7912326811865275, 0.07600985345066179], [0.0, 0.0, 0.0, 1.0]], "T_pred": [[-0.9532723426818848, 0.29370591044425964, -0.07077224552631378, 0.0], [0.2792988717556, 0.9460678100585938, 0.16415800154209137, -0.07025139778852463], [0.11516951024532318, 0.136720672249794, -0.983892023563385, 0.05624634772539139], [0.0, 0.0, 0.0, 1.0]]}, "file1904_frac_35": {"unnorm2canon": [[-0.860040990430927, 0.5040116884836107, -0.07938332728281083, -0.052223087389764514], [-0.5083904104207396, -0.8333314189230416, 0.21702059079253802, 0.056969073811715114], [0.04322829363764094, 0.22700432618699148, 0.9729338880528154, 0.07815380353660535], [0.0, 0.0, 0.0, 1.0]], "T_pred": [[0.8935881853103638, 0.4473286271095276, 0.03737923502922058, 0.0], [0.4220428466796875, -0.8655957579612732, 0.26948803663253784, 0.05783792585134506], [0.15290503203868866, -0.22503571212291718, -0.9622780084609985, 0.09580669552087784], [0.0, 0.0, 0.0, 1.0]]}, "file1904_frac_36": {"unnorm2canon": [[0.008991195356228977, -0.597975720840131, -0.8014637831441862, 0.002382752758182523], [-0.43354571190474983, 0.7199156037187161, -0.5419959771172842, 0.0030220104056454707], [0.9010867184100926, 0.35234437814167213, -0.252776907760358, 0.07169113131835614], [0.0, 0.0, 0.0, 1.0]], "T_pred": [[-0.7452729940414429, -0.6664677858352661, 0.019718825817108154, 0.0], [-0.6281558275222778, 0.7117334604263306, 0.3144133388996124, -0.022464696317911148], [-0.22358092665672302, 0.22193726897239685, -0.9490813612937927, 0.06960579007863998], [0.0, 0.0, 0.0, 1.0]]}, "file1904_frac_38": {"unnorm2canon": [[-0.7207581613572765, -0.037054449840333306, 0.6921955219328626, -0.0013815871649266614], [0.08324115843142851, -0.9959708956320743, 0.033359925012481285, 0.08350637740529783], [0.6881704602639319, 0.08166359532175134, 0.7209386068308823, 0.0964985409283689], [0.0, 0.0, 0.0, 1.0]], "T_pred": [[0.9992209672927856, -0.0391085222363472, -0.005292247049510479, 0.0], [-0.037905093282461166, -0.9883868098258972, 0.14715537428855896, 0.07357080280780792], [-0.010985815897583961, -0.14684012532234192, -0.9890992641448975, 0.1016659066081047], [0.0, 0.0, 0.0, 1.0]]}, "file1904_frac_39": {"unnorm2canon": [[-0.236631054038073, -0.12870743208889202, -0.9630369365657339, 0.00589224285714994], [0.3185957856553326, 0.9261050550050856, -0.2020548253734338, -0.030161502692425433], [0.9178793328251222, -0.3546319557218591, -0.1781395698698004, 0.11923301004067814], [0.0, 0.0, 0.0, 1.0]], "T_pred": [[0.9065472483634949, 0.37284550070762634, -0.19788464903831482, 0.0], [0.38298818469047546, -0.5294550061225891, 0.7569659352302551, 0.046162623912096024], [0.17746034264564514, -0.7620128393173218, -0.6227713823318481, 0.08961034566164017], [0.0, 0.0, 0.0, 1.0]]}, "file1904_frac_40": {"unnorm2canon": [[0.19801440507000118, 0.9494080731898908, -0.24375111475977354, -0.09417513857080197], [-0.9459105037138755, 0.11988709531510594, -0.30146376787380047, -0.009067189453157305], [-0.25698952186526103, 0.29026090838892765, 0.9217944405954611, 0.07398684787341121], [0.0, 0.0, 0.0, 1.0]], "T_pred": [[-0.03401535376906395, 0.9993385672569275, -0.012861127033829689, 0.0], [0.9708327054977417, 0.0360955074429512, 0.23702530562877655, 0.0689222663640976], [0.2373327612876892, -0.004423502366989851, -0.9714183807373047, 0.09781340509653091], [0.0, 0.0, 0.0, 1.0]]}, "file1904_frac_41": {"unnorm2canon": [[-0.9754820242350221, 0.08974328911883833, -0.20095014917256807, 0.006566831159592582], [-0.1392909402483576, -0.9586883525600507, 0.24802152453048093, -0.052937525928115646], [-0.17039030007331174, 0.26993107402414424, 0.9476836818881598, 0.07044254720337283], [0.0, 0.0, 0.0, 1.0]], "T_pred": [[0.9624454379081726, 0.2714455723762512, -0.00400494784116745, 0.0], [0.26230520009994507, -0.9260327816009521, 0.2714025378227234, -0.03526857867836952], [0.06996229290962219, -0.26226064562797546, -0.9624575972557068, 0.06670811027288437], [0.0, 0.0, 0.0, 1.0]]}, "file1904_frac_42": {"unnorm2canon": [[0.712884902889371, -0.5555284574315639, -0.4279991217469016, 0.009211993194960216], [-0.6506416269569624, -0.751650543253936, -0.10810612423382969, 0.003098484464416933], [-0.26164974393874163, 0.355541268785735, -0.8972902638984892, 0.07251781904324794], [0.0, 0.0, 0.0, 1.0]], "T_pred": [[0.6827729940414429, -0.7304943203926086, 0.014110773801803589, 0.0], [-0.6912022233009338, -0.6395479440689087, 0.3364788293838501, -0.024137161672115326], [-0.236771360039711, -0.2394920289516449, -0.94158536195755, 0.0696505680680275], [0.0, 0.0, 0.0, 1.0]]}, "file1904_frac_43": {"unnorm2canon": [[-0.9738977521789534, -0.009929862744158304, -0.22676985277294742, -0.0075114499044122525], [0.04648962004679468, 0.9691384652544219, -0.24209368102494466, -0.05779702097745402], [0.2221753441061513, -0.24631693606040414, -0.94338013731535, 0.12006938861297242], [0.0, 0.0, 0.0, 1.0]], "T_pred": [[-0.99968421459198, -0.01715840958058834, 0.018361736088991165, 0.0], [-0.02191750518977642, 0.9527508020401001, -0.3029613196849823, 0.08668722957372665], [-0.012295825406908989, -0.30326804518699646, -0.9528259634971619, 0.10296802222728729], [0.0, 0.0, 0.0, 1.0]]}, "file1904_frac_44": {"unnorm2canon": [[0.5253805040765988, 0.007228246084693949, -0.8508366931407921, 0.0019322754398705762], [0.021385795283605475, -0.9997601935176578, 0.004712029034565113, 0.07353968522058761], [-0.8505985972809423, -0.02067142752869223, -0.5254090962170516, 0.10028723418053484], [0.0, 0.0, 0.0, 1.0]], "T_pred": [[0.9998412132263184, -0.013886580243706703, -0.011168576776981354, 0.0], [-0.013964894227683544, -0.9998781681060791, -0.006964690983295441, 0.07611215859651566], [-0.011070501059293747, 0.007119553163647652, -0.9999133348464966, 0.10037605464458466], [0.0, 0.0, 0.0, 1.0]]}, "file1904_frac_45": {"unnorm2canon": [[-0.6263863827071174, -0.7629736965309087, -0.15972237777172757, 0.07301460180211462], [-0.7746577317143704, 0.586444717215361, 0.236617819162764, -0.06469588011981701], [-0.08686482748639039, 0.27194435469808276, -0.9583844581865897, 0.07752589833411722], [0.0, 0.0, 0.0, 1.0]], "T_pred": [[-0.5129837393760681, -0.8579452037811279, -0.027890175580978394, 0.0], [-0.8231396079063416, 0.482436865568161, 0.29949259757995605, 0.07297302037477493], [-0.24349293112754822, 0.17659233510494232, -0.9536910057067871, 0.10141058266162872], [0.0, 0.0, 0.0, 1.0]]}, "file1904_frac_46": {"unnorm2canon": [[-0.08797592274286382, 0.30474614908470843, -0.9483617567339921, 0.0021296030131998044], [-0.9601883568830328, -0.27935253298745194, -0.000693988297790178, 0.0071742386189542215], [-0.2651387491933322, 0.9105448626682464, 0.31719000101620504, 0.09232481016567873], [0.0, 0.0, 0.0, 1.0]], "T_pred": [[0.7356966137886047, 0.6731895208358765, -0.07460840046405792, 0.0], [0.31346559524536133, -0.24076806008815765, 0.9185696840286255, -0.07473819702863693], [0.6004081964492798, -0.6991756558418274, -0.388154000043869, 0.04208872839808464], [0.0, 0.0, 0.0, 1.0]]}, "file1904_frac_47": {"unnorm2canon": [[0.25801801592747975, 0.8927452236253908, -0.36936793194712675, -0.06946109576360357], [-0.04900202317333715, -0.3697285839128624, -0.9278467416350117, 0.025930200962846945], [-0.9648966292726731, 0.25750095132220346, -0.05165031351689614, 0.07571638170425411], [0.0, 0.0, 0.0, 1.0]], "T_pred": [[0.5016084313392639, 0.8650947213172913, -0.00010000169277191162, 0.0], [0.8190339803695679, -0.47486376762390137, 0.3220057487487793, 0.053409941494464874], [0.27851802110671997, -0.16160272061824799, -0.9467376470565796, 0.09405843168497086], [0.0, 0.0, 0.0, 1.0]]}, "file1904_frac_48": {"unnorm2canon": [[0.40328351094131026, 0.9041026855412055, -0.14128249643897792, -0.0648384101578047], [0.4845587532467799, -0.34196121590915, -0.805149266574752, 0.011264181044054095], [-0.7762507484407188, 0.25624375272602345, -0.575998189870514, 0.07443329437180088], [0.0, 0.0, 0.0, 1.0]], "T_pred": [[0.7329558730125427, 0.6222280859947205, -0.2749689221382141, 0.0], [0.6655313968658447, -0.5721818804740906, 0.4792450964450836, 0.04476389288902283], [0.14086751639842987, -0.53426593542099, -0.8334963917732239, 0.09075365960597992], [0.0, 0.0, 0.0, 1.0]]}, "file1904_frac_49": {"unnorm2canon": [[-0.512788755756577, 0.7950138586160949, -0.3240380480406124, -0.06513927121530079], [0.14434056267355458, 0.4519047687273958, 0.8803112415325165, -0.03513982433351314], [0.8462939760725607, 0.404641872042164, -0.34648443176210575, 0.06741500239257661], [0.0, 0.0, 0.0, 1.0]], "T_pred": [[-0.5115575194358826, 0.8591499924659729, -0.013044163584709167, 0.0], [0.8111796379089355, 0.4878899157047272, 0.32241442799568176, 0.04375297576189041], [0.28336650133132935, 0.1543523669242859, -0.9465087652206421, 0.09194314479827881], [0.0, 0.0, 0.0, 1.0]]}, "file1904_frac_50": {"unnorm2canon": [[0.6636998542526382, -0.055015995505217775, 0.7459730180801424, 0.006067802203269579], [0.022807146968479537, -0.9953393351351517, -0.09369867651077832, 0.0823950641809704], [0.7476512138104133, 0.07920131420174274, -0.6593518137660137, 0.0980083127129517], [0.0, 0.0, 0.0, 1.0]], "T_pred": [[0.9993305802345276, -0.03353725001215935, -0.014617763459682465, 0.0], [-0.03213462978601456, -0.9956507682800293, 0.08744639903306961, 0.07292156666517258], [-0.017486898228526115, -0.08691811561584473, -0.9960619807243347, 0.10163083672523499], [0.0, 0.0, 0.0, 1.0]]}}